20230821;063000;7446.4;7820.1;7411.5;7796.7;5.51218e+09;7615.8;7676.1;7706.25
20230822;063000;7856.2;7903;7691.3;7771.3;5.02727e+09;7797.15;7788.53;7784.22
20230823;063000;7820.4;7832;7602.2;7602.2;5.84965e+09;7717.1;7678.8;7659.65
20230824;063000;7648.3;7872.8;7476.3;7491.9;8.17346e+09;7674.55;7613.67;7583.22
20230825;063000;7545.2;7747.6;7407.9;7716.7;4.83264e+09;7577.75;7624.07;7647.23
20230828;063000;7837.1;8008.8;7837.1;7941.7;5.48702e+09;7922.95;7929.2;7932.33
20230829;063000;7963.4;8013.5;7865.6;7907.1;4.69387e+09;7939.55;7928.73;7923.33
20230831;063000;7964.5;8005.8;7880.6;7917.9;4.42405e+09;7943.2;7934.77;7930.55
20230901;063000;7966.7;8060.9;7930.1;8056.1;4.22923e+09;7995.5;8015.7;8025.8
20230904;063000;8141.3;8238.9;8126;8141.3;5.21212e+09;8182.45;8168.73;8161.88
20230905;063000;8161.1;8236.1;8090.2;8236.1;5.5472e+09;8163.15;8187.47;8199.62
20230906;063000;8291.6;8298.5;8127.9;8181.7;5.98149e+09;8213.2;8202.7;8197.45
20230907;063000;8218.5;8358;8218.5;8337.7;5.0989e+09;8288.25;8304.73;8312.98
20230908;063000;8371.3;8398.4;8295.7;8325.3;4.86377e+09;8347.05;8339.8;8336.18
20230911;063000;8385.6;8403.8;8127.1;8146.5;5.39937e+09;8265.45;8225.8;8205.97
20230912;063000;8175;8276.2;8081.3;8159.9;4.73216e+09;8178.75;8172.47;8169.32
20230913;063000;8184;8236;7977.7;8013.9;4.57377e+09;8106.85;8075.87;8060.38
20230914;063000;8035.7;8118.8;7797.1;8118.8;4.40443e+09;7957.95;8011.57;8038.37
20230915;063000;8128.5;8139.3;7962;7962;4.2351e+09;8050.65;8021.1;8006.32
20230918;063000;7952.4;7952.4;7678.8;7680.4;3.61191e+09;7815.6;7770.53;7748
20230919;063000;7696.8;7804.1;7644.7;7784;3.4998e+09;7724.4;7744.27;7754.2
20230920;063000;7834.9;7897.8;7706.4;7719.8;3.82916e+09;7802.1;7774.67;7760.95
20230921;063000;7714.9;8000.5;7663.9;8000.5;4.39035e+09;7832.2;7888.3;7916.35
20230922;063000;8035.1;8094;7981.2;8039.2;4.18786e+09;8037.6;8038.13;8038.4
20230925;063000;8105.4;8311.2;8097;8304.8;4.86411e+09;8204.1;8237.67;8254.45
20230926;063000;8368.5;8389.7;8240.8;8242.3;5.97178e+09;8315.25;8290.93;8278.77
20230927;063000;8275.1;8298.7;8170.9;8213.8;4.42691e+09;8234.8;8227.8;8224.3
20230928;063000;8235.8;8288.5;8188;8218.7;4.1269e+09;8238.25;8231.73;8228.48
20230929;063000;8239.1;8379.4;8239.1;8334.9;4.68212e+09;8309.25;8317.8;8322.08
20231002;063000;8374.6;8511.6;8367.3;8487;4.98108e+09;8439.45;8455.3;8463.22
20231003;063000;8547.4;8562.7;8462;8513.5;4.88589e+09;8512.35;8512.73;8512.93
20231004;063000;8523.7;8533.5;8329;8333.1;5.14054e+09;8431.25;8398.53;8382.17
20231005;063000;8386.3;8496.4;8179.9;8488;5.89141e+09;8338.15;8388.1;8413.08
20231006;063000;8410.3;8516.8;8397.6;8464.9;4.53795e+09;8457.2;8459.77;8461.05
20231009;063000;8300.7;8383.5;8193.4;8193.4;4.37105e+09;8288.45;8256.77;8240.93
20231010;063000;8304.8;8450.8;8304.8;8442.8;4.40143e+09;8377.8;8399.47;8410.3
20231011;063000;8482.4;8518.9;8315.7;8330.6;4.03849e+09;8417.3;8388.4;8373.95
20231012;063000;8440.5;8471.1;8054.6;8259.3;4.83017e+09;8262.85;8261.67;8261.07
20231013;063000;8242.3;8242.3;8071.5;8113.3;3.28494e+09;8156.9;8142.37;8135.1
20231016;063000;8228.5;8252.3;7926.6;7934.6;3.5175e+09;8089.45;8037.83;8012.03
20231017;063000;7962.6;8115;7908.1;8115;3.27857e+09;8011.55;8046.03;8063.28
20231018;063000;7964.6;8015.3;7837;7842.7;2.92477e+09;7926.15;7898.33;7884.43
20231019;063000;7868;7971.4;7728.4;7769;3.08795e+09;7849.9;7822.93;7809.45
20231020;063000;7691;7711.2;7447;7510.7;3.24336e+09;7579.1;7556.3;7544.9
20231023;063000;7649.4;7794.5;7520.1;7750.4;3.18698e+09;7657.3;7688.33;7703.85
20231024;063000;7797.1;8014.8;7765.5;7990.4;3.99873e+09;7890.15;7923.57;7940.27
20231025;063000;8035.8;8084.4;7425;7425;3.56898e+09;7754.7;7644.8;7589.85
20231026;063000;7516.5;7741.3;7384.5;7662.1;4.03216e+09;7562.9;7595.97;7612.5
20231027;063000;7671.9;7740.5;7500.5;7706.4;2.89244e+09;7620.5;7649.13;7663.45
20231030;063000;7688.4;7786.4;7660.9;7712.9;2.69788e+09;7723.65;7720.07;7718.27
20231031;063000;7749.3;7775.1;7496.4;7514.1;2.30188e+09;7635.75;7595.2;7574.93
20231101;063000;7568.9;7597.8;7297;7528.6;2.69617e+09;7447.4;7474.47;7488
20231102;063000;7585.2;7701.1;7577.5;7663.6;2.43968e+09;7639.3;7647.4;7651.45
20231103;063000;7673.7;7721.2;7581.6;7706;2.40823e+09;7651.4;7669.6;7678.7
20231106;063000;7792.8;7900.5;7788.6;7868;2.26244e+09;7844.55;7852.37;7856.28
20231107;063000;7874.2;7919.3;7818.6;7844.8;2.26247e+09;7868.95;7860.9;7856.87
20231108;063000;7912.4;7942.8;7821.5;7860.9;2.40349e+09;7882.15;7875.07;7871.52
20231109;063000;7801.3;7885.7;7738.7;7841.5;2.56908e+09;7812.2;7821.97;7826.85
20231110;063000;7838.3;7855.2;7765.4;7771.3;2.33184e+09;7810.3;7797.3;7790.8
20231113;063000;7784.3;7785.6;7568.3;7568.3;2.58106e+09;7676.95;7640.73;7622.62
20231114;063000;7601.4;7689.1;7520;7671.1;2.79071e+09;7604.55;7626.73;7637.83
20231115;063000;7716.1;7738.2;7634.4;7665.9;2.28905e+09;7686.3;7679.5;7676.1
20231116;063000;7675.4;7813.2;7675.4;7780.7;2.15029e+09;7744.3;7756.43;7762.5
20231117;063000;7786.7;7864;7773.7;7853.4;2.13178e+09;7818.85;7830.37;7836.12
20231120;063000;7918.3;7984.7;7918.3;7946.4;2.50137e+09;7951.5;7949.8;7948.95
20231121;063000;7993.9;8046.6;7945.4;8046.6;2.77972e+09;7996;8012.87;8021.3
20231122;063000;8054.8;8060.3;7984.9;7987;2.52492e+09;8022.6;8010.73;8004.8
20231123;063000;7991.9;8062.1;7898.6;7898.6;3.06991e+09;7980.35;7953.1;7939.48
20231124;063000;7902.4;7996.1;7851.3;7960;2.32607e+09;7923.7;7935.8;7941.85
20231127;063000;8028.8;8129.1;8023.4;8107.2;3.28164e+09;8076.25;8086.57;8091.73
20231128;063000;8116;8149.4;8046.1;8093.5;2.79408e+09;8097.75;8096.33;8095.62
20231129;063000;8115.4;8125.1;7993.1;8009.3;2.35102e+09;8059.1;8042.5;8034.2
20231130;063000;8007.8;8049.3;7912;7948.6;2.47542e+09;7980.65;7969.97;7964.62
20231201;063000;8071.5;8090.2;7956.6;8026.3;2.19178e+09;8023.4;8024.37;8024.85
20231204;063000;8050.8;8108.2;7962.3;8087.2;2.38204e+09;8035.25;8052.57;8061.23
20231205;063000;8094.7;8120.5;8023.4;8057.4;2.29411e+09;8071.95;8067.1;8064.67
20231206;063000;8066.5;8112.4;7855.1;7855.1;2.98994e+09;7983.75;7940.87;7919.43
20231207;063000;7867.7;7978.8;7747.5;7978.8;2.41178e+09;7863.15;7901.7;7920.97
20231208;063000;7988.6;7992.3;7888.5;7913.8;2.12398e+09;7940.4;7931.53;7927.1
20231211;063000;7920.3;7924.7;7723.2;7728.4;2.32673e+09;7823.95;7792.1;7776.18
20231212;063000;7727.4;7790.8;7661.6;7748.9;2.37824e+09;7726.2;7733.77;7737.55
20231213;063000;7719;7721.2;7529.3;7529.3;2.51068e+09;7625.25;7593.27;7577.27
20231214;063000;7622.7;7831.9;7582.3;7813.4;2.57491e+09;7707.1;7742.53;7760.25
20231215;063000;7822;7998.4;7812.5;7993.9;2.69952e+09;7905.45;7934.93;7949.67
20231218;063000;7957.5;8010.5;7782.3;7790.4;2.36705e+09;7896.4;7861.07;7843.4
20231219;063000;7783.9;7786.4;7642.7;7725.9;2.45847e+09;7714.55;7718.33;7720.22
20231220;063000;7717.2;7764.2;7614.7;7662.9;1.88482e+09;7689.45;7680.6;7676.18
20231221;063000;7657;7789.9;7621.3;7765;2.15728e+09;7705.6;7725.4;7735.3
20231222;063000;7769.8;7795;7553.9;7557.6;1.87413e+09;7674.45;7635.5;7616.03
20231226;063000;7303.3;7405.1;7202.9;7299.3;1.93712e+09;7304;7302.43;7301.65
20231227;063000;7282.2;7365.1;7215;7260.4;2.14619e+09;7290.05;7280.17;7275.22
20231228;063000;7278.1;7444.9;7278.1;7396.3;1.71554e+09;7361.5;7373.1;7378.9
20231229;063000;7415.3;7510.4;7415.3;7470.2;2.66461e+09;7462.85;7465.3;7466.53
20240102;063000;7542.3;7634.1;7542.3;7624.3;2.39708e+09;7588.2;7600.23;7606.25
20240103;063000;7624.6;7624.6;7411.8;7412;2.16965e+09;7518.2;7482.8;7465.1
20240104;063000;7421.9;7547.8;7387;7547.8;2.39159e+09;7467.4;7494.2;7507.6
20240105;063000;7570.1;7628.7;7532.2;7628.7;2.3551e+09;7580.45;7596.53;7604.58
20240108;063000;7667.9;7824.6;7667.9;7818.9;2.87378e+09;7746.25;7770.47;7782.57
20240109;063000;7860.2;7875.2;7696.5;7736.3;2.98185e+09;7785.85;7769.33;7761.07
20240110;063000;7733.7;7897.1;7709.3;7874.2;2.77472e+09;7803.2;7826.87;7838.7
20240111;063000;7905.4;7950.1;7860.2;7896;2.45886e+09;7905.15;7902.1;7900.58
20240112;063000;7854.2;8081.7;7774.9;7986.5;3.45956e+09;7928.3;7947.7;7957.4
20240115;063000;7996.7;8094.6;7979;8044;2.35421e+09;8036.8;8039.2;8040.4
20240116;063000;8063.1;8090.1;7995;8032.2;2.36281e+09;8042.55;8039.1;8037.38
20240117;063000;7998.5;8052.8;7982.8;8024.4;2.22044e+09;8017.8;8020;8021.1
20240118;063000;8104;8116.9;8016.1;8016.1;2.73582e+09;8066.5;8049.7;8041.3
20240119;063000;8040.3;8044.8;7937.1;7996.7;2.13873e+09;7990.95;7992.87;7993.83
20240122;063000;7996.1;8069.9;7970.1;8010.1;2.29489e+09;8020;8016.7;8015.05
20240123;063000;8101.2;8145.9;7915.5;7950.1;2.68112e+09;8030.7;8003.83;7990.4
20240124;063000;7982.7;8149.5;7939.4;8090.9;2.54494e+09;8044.45;8059.93;8067.67
20240125;063000;8142.1;8212.9;8095.9;8169.9;2.67314e+09;8154.4;8159.57;8162.15
20240126;063000;8191.4;8347.6;8180.3;8346.3;3.41915e+09;8263.95;8291.4;8305.12
20240129;063000;8400.1;8502.5;8399.4;8471.7;2.94365e+09;8450.95;8457.87;8461.33
20240130;063000;8512.6;8516.6;8438.9;8474.3;2.77968e+09;8477.75;8476.6;8476.02
20240131;063000;8480.3;8577.4;8438.8;8496.7;2.6984e+09;8508.1;8504.3;8502.4
20240201;063000;8514.5;8682.4;8514.5;8646.1;2.95009e+09;8598.45;8614.33;8622.27
20240202;063000;8711.8;8762.9;8622.2;8665.7;2.85431e+09;8692.55;8683.6;8679.13
20240205;063000;8716.6;8784.2;8694.9;8776.7;2.58275e+09;8739.55;8751.93;8758.13
20240206;063000;8810.7;8890.5;8751.2;8869.1;3.5527e+09;8820.85;8836.93;8844.97
20240207;063000;8912.1;8939.7;8843;8843;3.3123e+09;8891.35;8875.23;8867.18
20240208;063000;8862.4;8990.4;8862.4;8949.8;2.76668e+09;8926.4;8934.2;8938.1
20240209;063000;8993.1;9046;8943.5;9046;3.34474e+09;8994.75;9011.83;9020.38
20240212;063000;9134.2;9175.8;9088.7;9174.6;3.65469e+09;9132.25;9146.37;9153.42
20240213;063000;9217.5;9217.5;8994;8994;4.5504e+09;9105.75;9068.5;9049.88
20240214;063000;9014.9;9077;8917.7;9072.1;3.51331e+09;8997.35;9022.27;9034.72
20240215;063000;9113.6;9282.9;9112.6;9242.2;3.75848e+09;9197.75;9212.57;9219.98
20240216;063000;9274.5;9306.3;9216.2;9250.4;4.50195e+09;9261.25;9257.63;9255.83
20240219;063000;9322.1;9404.1;9173.3;9196.4;4.22291e+09;9288.7;9257.93;9242.55
20240220;063000;9238.6;9351.5;9200.3;9345;3.35986e+09;9275.9;9298.93;9310.45
20240221;063000;9393.5;9396.8;9246.1;9312.1;3.75374e+09;9321.45;9318.33;9316.77
20240222;063000;9359.6;9406.3;9282.3;9347.2;3.76743e+09;9344.3;9345.27;9345.75
20240223;063000;9361.8;9416.7;9294;9374.2;3.43255e+09;9355.35;9361.63;9364.78
20240226;063000;9411.1;9450.5;9319.1;9334.1;3.00892e+09;9384.8;9367.9;9359.45
20240227;063000;9351.4;9351.4;9179.5;9179.5;3.24456e+09;9265.45;9236.8;9222.48
20240228;063000;9184.6;9236.8;9062.4;9062.4;3.28548e+09;9149.6;9120.53;9106
20240229;063000;9100.3;9214.6;9089.2;9193.7;3.53984e+09;9151.9;9165.83;9172.8
20240301;063000;9218.3;9227;9090.8;9097.2;2.67611e+09;9158.9;9138.33;9128.05
20240304;063000;9139.1;9149.9;8907.7;8907.7;2.85617e+09;9028.8;8988.43;8968.25
20240305;063000;8913.4;8970.8;8814.8;8860.5;3.4155e+09;8892.8;8882.03;8876.65
20240306;063000;8856.3;8908.6;8736.5;8744.6;2.88451e+09;8822.55;8796.57;8783.57
20240307;063000;8797.5;9054.2;8797.5;9054.2;2.65461e+09;8925.85;8968.63;8990.03
20240308;063000;9084.2;9174.2;9023.9;9155.3;3.31242e+09;9099.05;9117.8;9127.18
20240311;063000;9337.2;9368.5;9131.8;9131.8;2.85555e+09;9250.15;9210.7;9190.97
20240312;063000;9147.5;9192.7;8986.1;9069;2.6832e+09;9089.4;9082.6;9079.2
20240313;063000;9089.6;9091.9;8910.2;8910.2;2.51427e+09;9001.05;8970.77;8955.63
20240314;063000;8941.5;8972.5;8848.6;8883.5;2.09397e+09;8910.55;8901.53;8897.02
20240315;063000;8901.9;8908;8795.9;8828.7;1.78605e+09;8851.95;8844.2;8840.33
20240318;063000;8844.5;8862.9;8718.1;8718.1;1.98181e+09;8790.5;8766.37;8754.3
20240319;063000;8702.4;8934.3;8695.4;8929.9;2.40719e+09;8814.85;8853.2;8872.38
20240320;063000;8932.5;9027.7;8905.1;8955.1;2.89155e+09;8966.4;8962.63;8960.75
20240321;063000;9035.9;9192.5;9020.2;9140.7;3.75834e+09;9106.35;9117.8;9123.53
20240322;063000;9162.4;9223.2;9080.9;9111.5;2.77468e+09;9152.05;9138.53;9131.78
20240325;063000;9113.3;9336;9029.4;9029.4;3.55103e+09;9182.7;9131.6;9106.05
20240326;063000;9029.5;9048.8;8760.6;8807.4;3.494e+09;8904.7;8872.27;8856.05
20240327;063000;8834;8906.4;8749;8806.7;2.7214e+09;8827.7;8820.7;8817.2
20240328;063000;8863.7;9080;8863.7;9080;2.64928e+09;8971.85;9007.9;9025.93
20240329;063000;9125.3;9154.3;9055.7;9142.4;2.73813e+09;9105;9117.47;9123.7
20240401;063000;9234.5;9258.6;8961.5;9157.5;3.2687e+09;9110.05;9125.87;9133.77
20240402;063000;9186;9266;8993.5;9040.9;3.23437e+09;9129.75;9100.13;9085.33
20240403;063000;8983.3;9018.6;8903.2;8945.8;2.75565e+09;8960.9;8955.87;8953.35
20240404;063000;8949.1;9168.7;8939;9129;3.29908e+09;9053.85;9078.9;9091.43
20240405;063000;9275.9;9618.8;9249.8;9618.8;3.58162e+09;9434.3;9495.8;9526.55
20240408;063000;9639.2;9766.6;9627.4;9756.7;2.96072e+09;9697;9716.9;9726.85
20240409;063000;9807.7;9849.3;9746.8;9814.2;1.22448e+09;9798.05;9803.43;9806.12
20240415;063000;9759.3;9823.5;9679.8;9679.8;3.15432e+09;9751.65;9727.7;9715.72
20240416;063000;9645;9650.4;9513.2;9548.1;2.71557e+09;9581.8;9570.57;9564.95
20240417;063000;9617.2;9716.9;9503.6;9530.5;2.7133e+09;9610.25;9583.67;9570.38
20240418;063000;9564.9;9601.6;9475.8;9524.6;2.09878e+09;9538.7;9534;9531.65
20240419;063000;9431.2;9714.8;9420.9;9693.5;3.21514e+09;9567.85;9609.73;9630.68
20240422;063000;9794.7;9831.5;9645;9645;2.94386e+09;9738.25;9707.17;9691.62
20240424;063000;9716.3;9766.9;9667.6;9722.1;3.29029e+09;9717.25;9718.87;9719.67
20240425;063000;9754;9826.9;9664.5;9716.8;3.01002e+09;9745.7;9736.07;9731.25
20240426;063000;9763.4;9956.1;9751.5;9915.6;3.4538e+09;9853.8;9874.4;9884.7
20240429;063000;9992.5;10082.8;9942.1;10082.8;2.95471e+09;10012.4;10035.9;10047.6
20240430;063000;10081.7;10132.9;10036.8;10045.7;2.84217e+09;10084.9;10071.8;10065.3
20240502;063000;10097.4;10208.8;10097.4;10208.7;3.3028e+09;10153.1;10171.6;10180.9
20240503;063000;10237;10286.6;10177.3;10276.9;3.15389e+09;10231.9;10246.9;10254.4
20240506;063000;10282.3;10325.7;10202;10267.1;2.81571e+09;10263.9;10264.9;10265.5
20240507;063000;10282.8;10375.7;10144.7;10336.5;3.42364e+09;10260.2;10285.6;10298.4
20240508;063000;10358.1;10383.3;10233.8;10247.8;2.35446e+09;10308.5;10288.3;10278.2
20240509;063000;10274.4;10304.3;10187.8;10268.6;2.51381e+09;10246;10253.6;10257.3
20240510;063000;10276.8;10364.6;10218.6;10218.6;3.05248e+09;10291.6;10267.3;10255.1
20240513;063000;10251.2;10288.7;10056;10056;2.55525e+09;10172.4;10133.6;10114.2
20240514;063000;10098.6;10273.1;10036.4;10173.4;2.81597e+09;10154.8;10161;10164.1
20240515;063000;10171.1;10241;10121.7;10158.6;2.37976e+09;10181.4;10173.8;10170
20240516;063000;10189.1;10320;10145.1;10320;2.96402e+09;10232.5;10261.7;10276.3
20240517;063000;10369.9;10652.3;10357;10643.6;3.25223e+09;10504.6;10551;10574.1
20240520;063000;10660.8;10775;10633.9;10739.6;3.30752e+09;10704.5;10716.2;10722
20240521;063000;10767.3;11088;10752;10895.3;5.62562e+09;10920;10911.8;10907.6
20240522;063000;10930.4;11024.5;10800.9;10899.3;3.42927e+09;10912.7;10908.2;10906
20240523;063000;10869.6;10972.7;10785.6;10792.5;2.93276e+09;10879.1;10850.3;10835.8
20240524;063000;10784.2;10810.7;10661.4;10676.7;2.23412e+09;10736.1;10716.3;10706.4
20240527;063000;10701.2;10758.9;10584.6;10657;2.65556e+09;10671.8;10666.8;10664.4
20240528;063000;10678.8;10721.2;10589.7;10677.5;2.87226e+09;10655.5;10662.8;10666.5
20240529;063000;10688.6;10714.7;10464.9;10479.2;2.50573e+09;10589.8;10552.9;10534.5
20240530;063000;10501.2;10550.1;10413.8;10481.3;2.28345e+09;10481.9;10481.7;10481.6
20240531;063000;10519.1;10724.9;10358.6;10400.5;3.24327e+09;10541.8;10494.7;10471.1
20240603;063000;10443.2;10564.9;10334.8;10556.8;2.8192e+09;10449.9;10485.5;10503.3
20240604;063000;10576.6;10610.2;10362.5;10364.6;2.62842e+09;10486.4;10445.8;10425.5
20240605;063000;10403.2;10434.7;10239.6;10351;2.69593e+09;10337.1;10341.8;10344.1
20240606;063000;10391.5;10446.5;10275.3;10279.7;2.03556e+09;10360.9;10333.8;10320.3
20240607;063000;10322.5;10335.8;10112.4;10139;1.74575e+09;10224.1;10195.7;10181.6
20240610;063000;10132.4;10143;9986.9;9997.9;1.77897e+09;10065;10042.6;10031.4
20240611;063000;10003.4;10165.3;9958.1;10051.4;2.06957e+09;10061.7;10058.3;10056.6
20240612;063000;10062.8;10231.8;10040.9;10165.5;1.948e+09;10136.4;10146.1;10150.9
20240613;063000;10320;10449.6;10320;10391.9;2.01318e+09;10384.8;10387.2;10388.4
20240614;063000;10528.9;10576;10403.7;10471.3;2.20307e+09;10489.9;10483.7;10480.6
20240620;063000;10588.2;10739.9;10569.2;10739.9;2.07129e+09;10654.6;10683;10697.2
20240621;063000;10754.4;10792.9;10708.2;10771.4;2.67153e+09;10750.6;10757.5;10761
20240624;063000;10791.7;10824.2;10668.5;10767.9;2.42146e+09;10746.4;10753.5;10757.1
20240625;063000;10780.6;10792.6;10645.1;10680;2.19025e+09;10718.8;10705.9;10699.4
20240626;063000;10680.5;10706.9;10486.7;10486.7;2.47908e+09;10596.8;10560.1;10541.8
20240627;063000;10518.2;10715.5;10518.2;10680.9;2.37047e+09;10616.9;10638.2;10648.9
20240628;063000;10738.8;10808.2;10607.8;10647.9;3.16882e+09;10708;10688;10678
20240701;063000;10714.1;10743.7;10254.4;10343.3;2.56544e+09;10499.1;10447.1;10421.2
20240702;063000;10355;10446.2;10264.6;10446.2;2.0952e+09;10355.4;10385.7;10400.8
20240703;063000;10494.7;10688.5;10480.4;10682.2;2.48857e+09;10584.5;10617;10633.3
20240704;063000;10715.3;10895.4;10683.8;10872.6;2.89443e+09;10789.6;10817.3;10831.1
20240705;063000;10909.5;10944.7;10780.8;10851.8;2.67058e+09;10862.8;10859.1;10857.3
20240708;063000;10901.9;10962.9;10834.6;10864.1;2.51777e+09;10898.8;10887.2;10881.4
20240709;063000;10889;10900.6;10772.3;10796.6;2.38056e+09;10836.4;10823.2;10816.5
20240710;063000;10817.6;10826.6;10709;10743.3;2.81854e+09;10767.8;10759.6;10755.5
20240711;063000;10832.9;11024.3;10832.9;11024.3;2.99557e+09;10928.6;10960.5;10976.4
20240712;063000;11035.1;11113.6;10995.1;11064.9;2.90199e+09;11054.3;11057.9;11059.6
20240716;063000;11109.7;11188.1;11102.6;11139.3;2.51926e+09;11145.3;11143.3;11142.3
20240717;063000;11152.3;11169.3;11045.6;11134.1;2.48776e+09;11107.4;11116.3;11120.8
20240718;063000;11194.4;11252.1;11106.8;11139.5;2.71796e+09;11179.4;11166.1;11159.5
20240719;063000;11144.6;11193.4;11082.8;11156.2;2.73497e+09;11138.1;11144.1;11147.2
20240722;063000;11182.6;11245.5;11119.3;11172.8;2.5575e+09;11182.4;11179.2;11177.6
20240723;063000;11186;11187.4;11039.2;11089.5;2.89074e+09;11113.3;11105.4;11101.4
20240724;063000;11092.6;11121.3;10991.6;10991.6;3.02332e+09;11056.4;11034.8;11024
20240725;063000;10989.2;11017.2;10838.4;10871.5;2.8507e+09;10927.8;10909;10899.7
20240726;063000;10911.9;10948.1;10850.5;10891.4;2.40603e+09;10899.3;10896.7;10895.4
20240729;063000;10828;10873.3;10728.8;10733.8;2.32757e+09;10801;10778.6;10767.4
20240730;063000;10756.2;10832.7;10666.1;10691.7;2.3893e+09;10749.4;10730.2;10720.6
20240731;063000;10658.1;10703.6;10565.1;10638.6;2.47229e+09;10634.3;10635.8;10636.5
20240801;063000;10752;10880;10752;10798.1;2.38007e+09;10816;10810;10807
20240802;063000;10661.5;10686.1;10415.6;10473.5;2.17906e+09;10550.8;10525.1;10512.2
20240805;063000;9769.7;10117.8;9733.4;9893.4;2.79645e+09;9925.6;9914.87;9909.5
20240806;063000;10161.7;10193.9;9881.2;9881.2;2.5181e+09;10037.6;9985.43;9959.38
20240807;063000;9960.5;10076.4;9902.2;10024.3;2.45518e+09;9989.3;10001;10006.8
20240808;063000;10016.8;10148.1;10006.1;10098.5;2.29865e+09;10077.1;10084.2;10087.8
20240809;063000;10160;10189.2;9907.4;9907.4;2.39929e+09;10048.3;10001.3;9977.85
20240812;063000;9980.2;10078.1;9807.4;9828.6;2.61614e+09;9942.75;9904.7;9885.67
20240813;063000;9842.2;9920.6;9708.3;9920.6;2.48096e+09;9814.45;9849.83;9867.52
20240814;063000;9976.7;9989.9;9825;9830.9;2.24738e+09;9907.45;9881.93;9869.18
20240815;063000;9874.4;9983;9763.3;9983;2.5974e+09;9873.15;9909.77;9928.07
20240816;063000;10041.4;10055.1;9822;9822;2.28915e+09;9938.55;9899.7;9880.27
20240819;063000;9867;10061.1;9796.6;10054.2;2.68727e+09;9928.85;9970.63;9991.52
20240820;063000;10038.2;10110;9950.9;9982.3;2.76686e+09;10030.5;10014.4;10006.4
20240821;063000;9966.6;10080.7;9897.6;9904.8;2.56835e+09;9989.15;9961.03;9946.97
20240822;063000;9979.5;10031.1;9869.6;9921.4;2.67553e+09;9950.35;9940.7;9935.88
20240823;063000;9927.4;9935.2;9651.2;9668.1;2.27098e+09;9793.2;9751.5;9730.65
20240826;063000;9739.8;9749.2;9553.2;9565.8;2.60363e+09;9651.2;9622.73;9608.5
20240827;063000;9561.7;9748.8;9523.3;9748.8;2.55417e+09;9636.05;9673.63;9692.42
20240828;063000;9757.8;9836.6;9735.4;9757.2;2.2464e+09;9786;9776.4;9771.6
20240829;063000;9762.4;9888.4;9705.5;9833.2;2.98011e+09;9796.95;9809.03;9815.08
20240902;063000;9879.8;10116.3;9879.8;10110.2;2.59982e+09;9998.05;10035.4;10054.1
20240903;063000;10130.5;10159.2;9983.8;10021.8;2.70768e+09;10071.5;10054.9;10046.6
20240904;063000;9929.8;9988.4;9879.1;9984.9;2.53502e+09;9933.75;9950.8;9959.33
20240905;063000;10030.5;10040.3;9897.2;9936.8;2.68139e+09;9968.75;9958.1;9952.77
20240906;063000;9936.2;9981;9768.6;9771.2;2.3505e+09;9874.8;9840.27;9823
20240909;063000;9795.2;9838;9699.6;9699.6;2.2269e+09;9768.8;9745.73;9734.2
20240910;063000;9737.2;9788.4;9588;9624;2.48815e+09;9688.2;9666.8;9656.1
20240911;063000;9610;9643.5;9413.4;9419.7;2.62101e+09;9528.45;9492.2;9474.08
20240912;063000;9532.4;9560;9274.6;9521;3.04697e+09;9417.3;9451.87;9469.15
20240913;063000;9537.2;9685.5;9427.3;9685.5;3.00187e+09;9556.4;9599.43;9620.95
20240916;063000;9686.9;9720.2;9567.1;9577.5;2.30574e+09;9643.65;9621.6;9610.57
20240917;063000;9611.6;9786.1;9611.6;9758.1;2.47166e+09;9698.85;9718.6;9728.47
20240918;063000;9753.2;9827.3;9736.1;9774.5;2.26597e+09;9781.7;9779.3;9778.1
20240919;063000;9872.9;9980.8;9852;9975.6;2.80632e+09;9916.4;9936.13;9946
20240920;063000;9985;10008.7;9887.4;9900.3;3.12853e+09;9948.05;9932.13;9924.18
20240923;063000;9959.2;9980.9;9857.7;9887.8;2.66961e+09;9919.3;9908.8;9903.55
20240924;063000;9911.4;10108.2;9878.6;10029.7;3.60935e+09;9993.4;10005.5;10011.6
20240925;063000;10033.7;10064.1;9886.5;9891;3.36126e+09;9975.3;9947.2;9933.15
20240926;063000;9953.3;10049.5;9806.7;9829.2;2.9924e+09;9928.1;9895.13;9878.65
20240927;063000;9814.7;9820.5;9696;9777.5;2.20765e+09;9758.25;9764.67;9767.88
20240930;063000;9747.7;9757.9;9643.3;9665.8;2.50082e+09;9700.6;9689;9683.2
20241001;063000;9673.6;9680.8;9238.7;9351.2;3.49594e+09;9459.75;9423.57;9405.48
20241002;063000;9320.5;9339.2;9012.9;9012.9;2.88313e+09;9176.05;9121.67;9094.48
20241003;063000;9026.5;9159.3;8869.8;8898.2;3.04814e+09;9014.55;8975.77;8956.38
20241004;063000;8953.2;9109.3;8850.4;9109.3;2.82429e+09;8979.85;9023;9044.57
20241007;063000;9155.8;9195.5;9005.4;9031.6;2.36021e+09;9100.45;9077.5;9066.02
20241008;063000;9040.8;9152.7;8978.1;9044.9;3.15753e+09;9065.4;9058.57;9055.15
20241009;063000;9043.9;9132.3;8901.2;9132.3;2.60147e+09;9016.75;9055.27;9074.52
20241010;063000;9137.3;9176.4;8964.1;8964.1;2.46594e+09;9070.25;9034.87;9017.17
20241011;063000;8987;9080.7;8837;8876.2;2.50631e+09;8958.85;8931.3;8917.53
20241014;063000;8885.5;8887.2;8680.7;8699.2;2.44745e+09;8783.95;8755.7;8741.58
20241015;063000;8709.8;8890.3;8685.2;8860.3;2.80128e+09;8787.75;8811.93;8824.02
20241016;063000;8849.1;8963.8;8779.3;8956;2.36422e+09;8871.55;8899.7;8913.77
20241017;063000;8948.6;9060.1;8927.1;9002.3;2.70227e+09;8993.6;8996.5;8997.95
20241018;063000;9018.6;9070;8783.5;8793.6;2.70125e+09;8926.75;8882.37;8860.17
20241021;063000;8798.3;8807.9;8642.2;8654.4;2.13074e+09;8725.05;8701.5;8689.73
20241022;063000;8677.8;8913.5;8676.8;8838.6;2.88168e+09;8795.15;8809.63;8816.87
20241023;063000;8853.8;8867.1;8664;8714.7;2.9528e+09;8765.55;8748.6;8740.12
20241024;063000;8779.1;8920.2;8779.1;8872.9;2.02081e+09;8849.65;8857.4;8861.28
20241025;063000;8843.6;8921.6;8782.6;8908.5;2.00178e+09;8852.1;8870.9;8880.3
20241028;063000;8936;8954.2;8915.6;8945.8;7.97264e+08;8934.9;8938.53;8940.35
20241030;063000;8961;9050.8;8917.6;9006.6;2.11468e+09;8984.2;8991.67;8995.4
20241031;063000;9004.6;9051.6;8846.1;8863.9;2.15134e+09;8948.85;8920.53;8906.38
20241101;063000;8888.5;8982;8849.2;8885;2.60963e+09;8915.6;8905.4;8900.3
20241104;063000;8862.5;8862.5;8610.9;8663.9;2.36316e+09;8736.7;8712.43;8700.3
20241105;063000;8714.7;8729.6;8566.6;8618.6;2.24433e+09;8648.1;8638.27;8633.35
20241106;063000;8647.9;8915.9;8586.9;8862.3;3.17293e+09;8751.4;8788.37;8806.85
20241107;063000;8873.3;8946.1;8801.3;8946.1;2.65827e+09;8873.7;8897.83;8909.9
20241108;063000;8939.4;9195.8;8927.9;9184.8;3.23451e+09;9061.85;9102.83;9123.32
20241111;063000;9215.2;9330.1;9197.2;9276.8;3.57613e+09;9263.65;9268.03;9270.22
20241112;063000;9253.9;9288.8;9190.2;9226.9;3.00893e+09;9239.5;9235.3;9233.2
20241113;063000;9196;9415.8;9128.6;9300.3;3.61408e+09;9272.2;9281.57;9286.25
20241114;063000;9354.3;9437.7;9335.4;9420.4;2.77073e+09;9386.55;9397.83;9403.48
20241115;063000;9447.7;9501.1;9375.9;9389.6;2.84912e+09;9438.5;9422.2;9414.05
20241118;063000;9419.4;9445.3;9315.3;9395.4;2.74616e+09;9380.3;9385.33;9387.85
20241119;063000;9431;9443.1;9170.7;9232.9;3.43112e+09;9306.9;9282.23;9269.9
20241120;063000;9272.8;9307.7;9023.4;9031.8;2.92716e+09;9165.55;9120.97;9098.68
20241121;063000;9079.8;9380.6;9069.9;9367.8;3.73138e+09;9225.25;9272.77;9296.52
20241122;063000;9377.5;9550.6;9337.2;9549.9;4.75631e+09;9443.9;9479.23;9496.9
20241125;063000;9618.4;9720.3;9591.5;9660;4.34565e+09;9655.9;9657.27;9657.95
20241126;063000;9654.1;9691.6;9576.6;9636.1;3.46907e+09;9634.1;9634.77;9635.1
20241127;063000;9731;9744.6;9618.9;9639.8;3.85289e+09;9681.75;9667.77;9660.77
20241128;063000;9640.6;9672.4;9586.9;9640.1;3.33448e+09;9629.65;9633.13;9634.88
20241129;063000;9650.7;9734.2;9575.9;9652;3.99611e+09;9655.05;9654.03;9653.53
20241202;063000;9602.3;9703.2;9573.9;9681.1;2.97602e+09;9638.55;9652.73;9659.82
20241203;063000;9713.2;9885.8;9661.1;9827.2;4.41406e+09;9773.45;9791.37;9800.32
20241204;063000;9858.7;9940.3;9853.1;9886.1;4.48534e+09;9896.7;9893.17;9891.4
20241205;063000;9912.2;9965.5;9849.5;9936;3.42696e+09;9907.5;9917;9921.75
20241206;063000;10063.7;10098.1;10010.6;10081;3.85085e+09;10054.3;10063.2;10067.7
20241209;063000;10175;10262.3;10149.9;10257.4;4.64335e+09;10206.1;10223.2;10231.8
20241210;063000;10257.2;10276.7;10078.8;10099;3.62548e+09;10177.8;10151.5;10138.4
20241211;063000;10132.4;10171.5;10008.9;10058.5;3.66635e+09;10090.2;10079.6;10074.4
20241212;063000;10109.2;10155.3;10026.1;10058.6;3.50883e+09;10090.7;10080;10074.6
20241213;063000;10028.2;10125.5;9962.6;10125.5;3.54445e+09;10044;10071.2;10084.8
20241216;063000;10146.6;10157.8;9997.7;9997.7;2.91621e+09;10077.8;10051.1;10037.7
20241217;063000;10012.6;10055.9;9912.4;10011.3;3.30964e+09;9984.15;9993.2;9997.73
20241218;063000;10007.3;10052.9;9912.6;9915.8;3.62306e+09;9982.75;9960.43;9949.27
20241219;063000;9851.3;9897.5;9754.4;9765.1;2.8351e+09;9825.95;9805.67;9795.52
20241220;063000;9791;9814.9;9699.9;9724.5;3.05027e+09;9757.4;9746.43;9740.95
20241223;063000;9756.6;9778.6;9605.4;9626.6;2.7451e+09;9692;9670.2;9659.3
20241224;063000;9635.9;9690.4;9562.4;9672.8;2.39406e+09;9626.4;9641.87;9649.6
20241226;063000;9962.5;10050.6;9890.9;9949;3.56648e+09;9970.75;9963.5;9959.88
20241227;063000;9962.7;10055.1;9954;10025.5;3.1002e+09;10004.5;10011.5;10015
20241230;063000;10040.7;10061.3;9889.7;9889.7;2.29741e+09;9975.5;9946.9;9932.6
20241231;063000;9857.4;9942.6;9780.7;9830.6;2.93048e+09;9861.65;9851.3;9846.12
20250102;063000;9858.1;9961.3;9827;9961.3;3.62265e+09;9894.15;9916.53;9927.72
20250103;063000;9990.4;10097.1;9990.4;10075.2;6.03081e+09;10043.8;10054.2;10059.5
20250106;063000;10108.9;10159.1;10063.2;10085.5;6.77874e+09;10111.1;10102.6;10098.3
20250107;063000;10079.3;10095.1;9972;9972;5.12872e+09;10033.5;10013;10002.8
20250108;063000;9962.9;10011.4;9881.8;9890.8;3.93295e+09;9946.6;9928;9918.7
20250109;063000;9932.6;10016.9;9899.3;10000.7;3.93468e+09;9958.1;9972.3;9979.4
20250110;063000;10013.4;10038.8;9865.7;9910.6;4.06723e+09;9952.25;9938.37;9931.42
20250113;063000;9901.8;9916.8;9707.4;9733.2;4.22402e+09;9812.1;9785.8;9772.65
20250114;063000;9780.6;9851.6;9679.8;9715.9;4.04174e+09;9765.7;9749.1;9740.8
20250115;063000;9731.2;9784.4;9659.5;9739.7;4.1579e+09;9721.95;9727.87;9730.83
20250116;063000;9846.1;9878.8;9734.9;9866.7;4.45776e+09;9806.85;9826.8;9836.78
20250117;063000;9882.6;9989.4;9851.4;9977.9;3.53657e+09;9920.4;9939.57;9949.15
20250120;063000;10035.8;10048.9;9923.6;10029.3;3.75746e+09;9986.25;10000.6;10007.8
20250121;063000;10008.8;10076.5;9966.3;9999.6;4.16886e+09;10021.4;10014.1;10010.5
20250122;063000;10014.2;10121.8;9984.1;10105.4;3.55916e+09;10052.9;10070.4;10079.2
20250123;063000;10141.6;10151.6;10069.6;10112.8;4.00879e+09;10110.6;10111.3;10111.7
20250124;063000;10125.5;10133.5;10064.1;10104.9;3.11005e+09;10098.8;10100.8;10101.9
20250127;063000;10032.5;10069.8;9962.6;9997.9;3.43201e+09;10016.2;10010.1;10007.1
20250128;063000;10031.6;10139.7;9977.1;10121.8;3.53342e+09;10058.4;10079.5;10090.1
20250129;063000;10140.2;10180.4;10077;10077;3.37184e+09;10128.7;10111.5;10102.9
20250130;063000;10095.4;10155;10071.9;10082.1;3.22393e+09;10113.5;10103;10097.8
20250131;063000;10104.4;10119;9986.4;10004.4;3.18202e+09;10052.7;10036.6;10028.6
20250203;063000;9918.4;9918.4;9749.9;9774.4;4.21687e+09;9834.15;9814.23;9804.28
20250204;063000;9818.2;9905.2;9782.8;9807.1;3.47086e+09;9844;9831.7;9825.55
20250205;063000;9821.6;9841.7;9619.8;9719.8;4.39428e+09;9730.75;9727.1;9725.27
20250206;063000;9782.9;9866.5;9780.6;9842.2;3.17295e+09;9823.55;9829.77;9832.88
20250207;063000;9839.5;9962.7;9801;9951.7;3.62677e+09;9881.85;9905.13;9916.78
20250210;063000;9962.1;9983.2;9830.7;9845.9;3.05246e+09;9906.95;9886.6;9876.43
20250211;063000;9840;9888.4;9788.5;9882.8;3.21723e+09;9838.45;9853.23;9860.62
20250212;063000;9895.7;9904.2;9756.7;9779.6;3.60017e+09;9830.45;9813.5;9805.02
20250213;063000;9855.8;9930.7;9845.6;9914.7;3.45421e+09;9888.15;9897;9901.43
20250214;063000;9930;9954.2;9855.1;9877.6;3.21175e+09;9904.65;9895.63;9891.12
20250217;063000;9890.2;9899.3;9836.5;9836.5;2.65889e+09;9867.9;9857.43;9852.2
20250218;063000;9829.9;9944.2;9811.5;9916.9;4.03997e+09;9877.85;9890.87;9897.38
20250219;063000;9923.4;9953.9;9759;9763.7;4.27121e+09;9856.45;9825.53;9810.08
20250220;063000;9764.6;9853;9754.3;9807.5;4.39026e+09;9803.65;9804.93;9805.57
20250221;063000;9815.9;9829.9;9474;9602.2;4.09905e+09;9651.95;9635.37;9627.08
20250224;063000;9694.4;9706;9546.7;9574.8;2.6705e+09;9626.35;9609.17;9600.57
20250225;063000;9583.7;9605.5;9437.7;9451.6;2.79779e+09;9521.6;9498.27;9486.6
20250226;063000;9468;9629.3;9422.2;9573.2;2.90186e+09;9525.75;9541.57;9549.48
20250227;063000;9565.6;9782.2;9563.3;9741.1;3.42905e+09;9672.75;9695.53;9706.92
20250228;063000;9696.7;9749.7;9623.9;9658.7;3.13982e+09;9686.8;9677.43;9672.75
20250303;063000;9748;10029.8;9748;9911.1;4.46486e+09;9888.9;9896.3;9900
20250304;063000;9901.9;9958.8;9859.6;9898;3.09637e+09;9909.2;9905.47;9903.6
20250305;063000;9984.7;10203.2;9984.7;10188.9;4.06793e+09;10094;10125.6;10141.4
20250306;063000;10269.9;10459.1;10186.4;10459.1;5.19444e+09;10322.8;10368.2;10390.9
20250307;063000;10453.7;10556.8;10407.4;10507.1;4.32285e+09;10482.1;10490.4;10494.6
20250310;063000;10481.5;10544;10380.2;10422.2;3.49144e+09;10462.1;10448.8;10442.2
20250311;063000;10421.6;10522.1;10357.1;10438.3;4.47964e+09;10439.6;10439.2;10438.9
20250312;063000;10492.4;10620.9;10470.6;10580.3;4.55352e+09;10545.8;10557.3;10563
20250313;063000;10625.4;10744;10625.4;10727.6;4.02406e+09;10684.7;10699;10706.1
20250314;063000;10772.4;10863;10726.3;10840.6;3.77486e+09;10794.6;10810;10817.6
20250317;063000;10869;10902.6;10809.1;10862.1;4.65349e+09;10855.8;10857.9;10859
20250318;063000;10832.8;10872.2;10752;10802.2;4.17814e+09;10812.1;10808.8;10807.2
20250319;063000;10060.5;10378.1;9806.5;9860.3;4.79543e+09;10092.3;10015;9976.3
20250320;063000;9839.8;10156.7;9660.6;9810.9;6.76332e+09;9908.65;9876.07;9859.78
20250321;063000;9758.5;9758.5;8984.5;9044.6;4.99993e+09;9371.5;9262.53;9208.05
20250324;063000;9167;9386.5;8872.8;9299.4;6.07757e+09;9129.65;9186.23;9214.53
20250325;063000;9462.7;9811.6;9404.2;9715.6;5.49434e+09;9607.9;9643.8;9661.75
20250326;063000;9617;9749.4;9566.8;9649.5;4.41873e+09;9658.1;9655.23;9653.8
20250327;063000;9774.6;9830.8;9593.7;9612.8;4.64585e+09;9712.25;9679.1;9662.52
20250328;063000;9567.8;9669.2;9416;9659.5;4.10486e+09;9542.6;9581.57;9601.05
20250402;063000;9606.4;9643.2;9517.7;9523.3;3.20993e+09;9580.45;9561.4;9551.88
20250403;063000;9530.7;9627.7;9484.3;9484.3;3.06984e+09;9556;9532.1;9520.15
20250404;063000;9496.8;9524.8;9339.7;9379.8;3.13667e+09;9432.25;9414.77;9406.02
20250407;063000;9117.4;9506.7;9050.6;9407.2;4.34475e+09;9278.65;9321.5;9342.93
20250408;063000;9553.2;9562.2;9412.1;9477.1;2.9873e+09;9487.15;9483.8;9482.12
20250409;063000;9398.7;9473;9275.5;9275.5;3.5533e+09;9374.25;9341.33;9324.88
20250410;063000;9579.1;9581.2;9338.6;9338.6;3.36525e+09;9459.9;9419.47;9399.25
20250411;063000;9352.5;9406.5;9260;9381;3.62598e+09;9333.25;9349.17;9357.12
20250414;063000;9456.2;9491.3;9407.6;9423.6;3.86374e+09;9449.45;9440.83;9436.52
20250415;063000;9443.7;9492.3;9383.8;9393.8;4.10379e+09;9438.05;9423.3;9415.92
20250416;063000;9369.4;9398.7;9245.3;9266.1;3.68063e+09;9322;9303.37;9294.05
20250417;063000;9276.2;9438.3;9256.9;9396;4.97529e+09;9347.6;9363.73;9371.8
20250418;063000;9426.3;9433.8;9289;9317.2;3.19396e+09;9361.4;9346.67;9339.3
20250421;063000;9343.1;9477.8;9268.1;9321.6;4.66773e+09;9372.95;9355.83;9347.27
20250422;063000;9378.7;9409.1;9286.4;9312.1;3.65929e+09;9347.75;9335.87;9329.92
20250424;063000;9353.6;9493.8;9301.4;9490.9;3.67459e+09;9397.6;9428.7;9444.25
20250425;063000;9510.1;9531.4;9427.9;9432.6;3.52302e+09;9479.65;9463.97;9456.12
20250428;063000;9457.3;9464.5;9307;9307;3.33885e+09;9385.75;9359.5;9346.38
20250429;063000;9272.5;9312.2;9216.8;9224.8;3.04699e+09;9264.5;9251.27;9244.65
20250430;063000;9225.3;9250.1;9058.2;9078.4;3.72754e+09;9154.15;9128.9;9116.28
20250502;063000;9121;9194.8;9103.7;9167.6;2.82949e+09;9149.25;9155.37;9158.42
20250505;063000;9217.8;9240.7;9087.8;9112.2;3.68351e+09;9164.25;9146.9;9138.23
20250506;063000;9109.7;9228.4;9105.4;9134.7;3.10077e+09;9166.9;9156.17;9150.8
20250507;063000;9136.5;9189.5;9032.5;9074.6;3.4597e+09;9111;9098.87;9092.8
20250508;063000;9123.9;9302.6;9093.7;9279.2;3.05282e+09;9198.15;9225.17;9238.68
20250509;063000;9280.7;9421.4;9231.8;9390.5;3.66462e+09;9326.6;9347.9;9358.55
20250512;063000;9611.2;9767.8;9570.5;9747.1;4.49176e+09;9669.15;9695.13;9708.12
20250513;063000;9719;9747.9;9652.1;9700.2;4.15903e+09;9700;9700.07;9700.1
20250514;063000;9700.3;9771.7;9658.6;9701.6;3.67388e+09;9715.15;9710.63;9708.37
20250515;063000;9730.7;9761.1;9518.5;9541.3;3.42068e+09;9639.8;9606.97;9590.55
20250516;063000;9542.8;9677.6;9516.9;9668.4;3.78304e+09;9597.25;9620.97;9632.83
20250520;063000;9666.2;9683.3;9514;9514;3.30032e+09;9598.65;9570.43;9556.32
20250521;063000;9494.1;9530.1;9398.9;9398.9;3.20176e+09;9464.5;9442.63;9431.7
20250522;063000;9451.3;9521;9353.9;9475.2;3.68945e+09;9437.45;9450.03;9456.33
20250523;063000;9461.2;9505.7;9326.1;9356;3.41532e+09;9415.9;9395.93;9385.95
20250526;063000;9419.9;9427.1;9296.3;9345.2;2.46871e+09;9361.7;9356.2;9353.45
20250527;063000;9344.5;9391;9213.6;9213.6;2.58795e+09;9302.3;9272.73;9257.95
20250528;063000;9210.7;9248;9116.1;9177.7;2.52636e+09;9182.05;9180.6;9179.88
20250529;063000;9237.2;9265.6;9162.4;9170.6;2.94838e+09;9214;9199.53;9192.3
20250530;063000;9161.5;9176.2;8985.5;9019.6;3.05256e+09;9080.85;9060.43;9050.22
20250602;063000;9012.9;9083.8;8965;9008.9;2.77666e+09;9024.4;9019.23;9016.65
20250603;063000;9077;9299.3;9077;9277;3.29212e+09;9188.15;9217.77;9232.57
20250604;063000;9273;9475;9255.5;9475;2.53796e+09;9365.25;9401.83;9420.12
20250605;063000;9446.8;9495.7;9421.7;9486.6;1.04642e+09;9458.7;9468;9472.65
20250610;063000;9554.9;9679.1;9546.6;9659.3;3.51194e+09;9612.85;9628.33;9636.07
20250611;063000;9658.9;9733.6;9630.5;9686.1;3.28578e+09;9682.05;9683.4;9684.07
20250612;063000;9614.8;9651.3;9510.3;9520.2;2.9711e+09;9580.8;9560.6;9550.5
20250613;063000;9166.8;9311.9;9065.2;9311.9;3.43805e+09;9188.55;9229.67;9250.23
20250616;063000;9308.8;9434.1;9218.8;9350;3.0411e+09;9326.45;9334.3;9338.22
20250617;063000;9355.8;9419.5;9328.6;9339.6;2.60037e+09;9374.05;9362.57;9356.82
20250618;063000;9310.7;9330.6;9143.8;9196.1;3.22666e+09;9237.2;9223.5;9216.65
20250619;063000;9238.8;9294.7;9092.7;9102;2.85774e+09;9193.7;9163.13;9147.85
20250620;063000;9195.4;9259.2;9146.9;9203.4;2.68433e+09;9203.05;9203.17;9203.23
20250623;063000;9117;9175.3;9077.8;9141.3;2.49231e+09;9126.55;9131.47;9133.92
20250624;063000;9419.1;9483.1;9302.9;9448.9;3.76287e+09;9393;9411.63;9420.95
20250625;063000;9473.6;9484;9395;9418.5;2.66924e+09;9439.5;9432.5;9429
20250626;063000;9426.8;9464.7;9301.1;9301.1;2.55298e+09;9382.9;9355.63;9342
20250627;063000;9310.1;9431.4;9235.3;9404.9;3.23757e+09;9333.35;9357.2;9369.13
20250630;063000;9452.9;9949.5;9450.8;9948.5;5.68493e+09;9700.15;9782.93;9824.32
20250701;063000;9973;10137.4;9940.4;10080.4;4.9373e+09;10038.9;10052.7;10059.7
20250702;063000;10103.7;10307;10103.7;10189;5.17749e+09;10205.4;10199.9;10197.2
20250703;063000;10315.3;10379.3;10180.4;10228.4;3.99849e+09;10279.9;10262.7;10254.1
20250704;063000;10248.1;10314.3;10188.7;10275.8;3.23891e+09;10251.5;10259.6;10263.6
20250707;063000;10137.9;10183.5;10093.2;10107.7;3.58501e+09;10138.4;10128.1;10123
20250708;063000;10173.7;10203.6;9957.8;9998.2;3.49438e+09;10080.7;10053.2;10039.4
20250709;063000;10008.5;10172;9986.7;10167.3;3.94221e+09;10079.4;10108.7;10123.3
20250710;063000;10266.3;10365.1;10266.3;10331.3;4.7022e+09;10315.7;10320.9;10323.5
20250711;063000;10415.7;10441.1;10270;10358.5;3.97093e+09;10355.5;10356.5;10357
20250714;063000;10358.6;10358.6;10225.5;10225.5;3.81651e+09;10292;10269.9;10258.8
20250716;063000;10210.8;10306.7;9990.1;10121.5;4.94725e+09;10148.4;10139.4;10134.9
20250717;063000;10199.3;10386.8;10178.4;10370.7;4.38581e+09;10282.6;10312;10326.7
20250718;063000;10381.3;10407.4;10334.8;10366.2;4.04358e+09;10371.1;10369.5;10368.7
20250721;063000;10413.2;10641;10413.2;10616.2;4.69622e+09;10527.1;10556.8;10571.7
20250722;063000;10637.4;10680.2;10593.4;10616.1;4.58975e+09;10636.8;10629.9;10626.4
20250723;063000;10645.1;10673.1;10571.7;10592;4.76883e+09;10622.4;10612.3;10607.2
20250724;063000;10633.3;10783.1;10592;10689.1;5.05436e+09;10687.5;10688.1;10688.3
20250725;063000;10708;10723;10622.9;10642.6;4.01907e+09;10673;10662.8;10657.8
20250728;063000;10673;10682.3;10540.9;10542.1;4.59812e+09;10611.6;10588.4;10576.8
20250729;063000;10555.2;10589.6;10487.3;10487.3;4.74657e+09;10538.4;10521.4;10512.9
20250730;063000;10492.9;10648.9;10481.5;10619;6.995e+09;10565.2;10583.1;10592.1
20250731;063000;10650.5;10747.9;10640.8;10743.2;5.16976e+09;10694.4;10710.6;10718.8
20250801;063000;10755.1;10774.9;10702.5;10747;5.08291e+09;10738.7;10741.5;10742.9
20250804;063000;10807.3;10926.3;10806.8;10853.5;4.62716e+09;10866.5;10862.2;10860
20250805;063000;10886.5;10899.9;10839.4;10850;4.10686e+09;10869.7;10863.1;10859.8
20250806;063000;10876.4;10926.3;10800.6;10901;5.61836e+09;10863.4;10876;10882.2
20250807;063000;10940.6;11044.4;10935.2;10956.1;5.86623e+09;10989.8;10978.6;10972.9
20250808;063000;10966.5;11015.7;10938.4;10972.6;6.47636e+09;10977.1;10975.6;10974.8
20250811;063000;11041.3;11090.2;11004.7;11038.3;5.11716e+09;11047.5;11044.4;11042.9
20250812;063000;11041.8;11044.8;10935.9;10954.5;5.53691e+09;10990.4;10978.4;10972.4
20250813;063000;10960.2;11026.5;10911.1;10950;5.28684e+09;10968.8;10962.5;10959.4
20250814;063000;10908.1;10963.1;10823.6;10824.6;7.41628e+09;10893.3;10870.4;10859
20250815;063000;10796.4;10905.4;10786.8;10870.6;6.56009e+09;10846.1;10854.3;10858.3
20250818;063000;10911.3;10942.6;10850.2;10929.8;7.95407e+09;10896.4;10907.5;10913.1
20250819;063000;10960.8;10993.6;10915.6;10962;9.39028e+09;10954.6;10957.1;10958.3
20250820;063000;10962;11157.3;10933.6;11134.7;7.884e+09;11045.4;11075.2;11090.1
20250821;063000;11196;11334.5;11187;11313.9;1.04673e+09;11260.8;11278.5;11287.3
20250822;063000;11347.4;11398.3;11289.5;11372.3;1.13392e+09;11343.9;11353.4;11358.1
20250825;063000;11468;11519.6;11447.2;11477.8;1.01652e+10;11483.4;11481.5;11480.6
20250826;063000;11489.1;11605.3;11430.1;11529.8;1.22667e+10;11517.7;11521.7;11523.7
20250827;063000;11561.7;11565;11359;11359;7.8701e+09;11462;11427.7;11410.5
20250828;063000;11392;11478.3;11347.6;11368.8;6.7676e+09;11412.9;11398.2;11390.9
20250829;063000;11388.3;11405.5;11262.8;11288.1;7.1675e+09;11334.1;11318.8;11311.1
20250901;063000;11308.2;11334.4;11244.3;11280;6.9476e+09;11289.4;11286.2;11284.7
20250902;063000;11304.5;11331.6;10616.6;10877.5;1.1272e+10;10974.1;10941.9;10925.8
20250903;063000;10877.5;10877.5;10612.3;10737.7;8.133e+09;10744.9;10742.5;10741.3
20250904;063000;10763.1;10870.7;10763.1;10828.9;7.515e+09;10816.9;10820.9;10822.9
20250905;063000;10879.5;10961.7;10727.1;10729.5;9.1247e+09;10844.4;10806.1;10786.9
20250908;063000;10568.3;10626.7;10406.9;10449.4;7.4174e+09;10516.8;10494.3;10483.1
20250909;063000;10461.2;10594.1;10398.8;10486.1;7.032e+09;10496.4;10493;10491.3
20250910;063000;10549.9;10590.6;10445.8;10586.3;5.5348e+09;10518.2;10540.9;10552.2
20250911;063000;10573.3;10735.2;10366.7;10382.9;8.218e+09;10551;10494.9;10466.9
20250912;063000;10375.7;10435.5;10265.7;10372;5.9394e+09;10350.6;10357.7;10361.3
20250915;063000;10357.7;11008.4;10264.3;11000.3;9.3475e+09;10636.4;10757.7;10818.3
20250916;063000;11034;11194.9;11000;11183;9.3704e+09;11097.5;11126;11140.2
20250917;063000;11186.3;11244.2;11147.2;11165.9;8.4963e+09;11195.7;11185.8;11180.8
20250918;063000;11229.3;11288.3;11023;11048.1;7.521e+09;11155.6;11119.8;11101.9
20250919;063000;11077.5;11297.4;11040.3;11294.5;8.2012e+09;11168.9;11210.7;11231.7
20250922;063000;11533.2;11540.7;11452.9;11468.1;7.6925e+09;11496.8;11487.2;11482.4
20250923;063000;11363.3;11432.8;11293.5;11331.8;6.5417e+09;11363.1;11352.7;11347.5
20250924;063000;11354.6;11423.7;11133.2;11366.9;8.7811e+09;11278.5;11307.9;11322.7
20250925;063000;11442.4;11470.2;11305.9;11377.6;5.8229e+09;11388.1;11384.6;11382.8
20250926;063000;11366.8;11366.8;11137.2;11151.2;5.773e+09;11252;11218.4;11201.6
20250929;063000;11112.3;11205.6;11048.1;11048.1;5.9087e+09;11126.8;11100.6;11087.5
20250930;063000;11056.2;11070.3;10943.5;11012.1;5.8089e+09;11006.9;11008.6;11009.5
20251001;063000;10992.8;11259.3;10896.4;11220.2;8.4347e+09;11077.9;11125.3;11149
20251002;063000;11223.7;11256.5;11051.6;11082.6;8.3442e+09;11154;11130.2;11118.3
20251003;063000;11116.9;11126.1;10831;10858.5;5.8684e+09;10978.5;10938.5;10918.5
20251006;063000;10884.9;10928.4;10706.1;10734.9;5.7047e+09;10817.2;10789.8;10776.1
20251007;063000;10741.8;10847.4;10717.3;10814.1;5.7328e+09;10782.4;10792.9;10798.2
20251008;063000;10787.5;10907.3;10729.9;10756.3;6.1485e+09;10818.6;10797.8;10787.4
20251009;063000;10856.7;10862.8;10684;10727;6.3441e+09;10773.4;10757.9;10750.2
20251010;063000;10737.9;10784.6;10654.2;10720.4;5.9405e+09;10719.4;10719.7;10719.9
20251013;063000;10586;10683;10528.4;10556.2;5.7563e+09;10605.7;10589.2;10581
20251014;063000;10567.7;10594.2;10301.2;10316.4;6.0842e+09;10447.7;10403.9;10382.1
20251015;063000;10357.2;10501.3;10288.7;10464.5;6.5911e+09;10395;10418.2;10429.8
20251016;063000;10437.8;10562.3;10335.2;10370.8;6.5709e+09;10448.8;10422.8;10409.8
20251017;063000;10338.2;10344.9;10053.7;10208.8;6.5274e+09;10199.3;10202.5;10204.1
20251020;063000;10247.3;10522.6;10109;10484.4;6.6957e+09;10315.8;10372;10400.1
20251021;063000;10487.4;10534.2;10408.1;10467.2;6.6898e+09;10471.1;10469.8;10469.2
20251022;063000;10512.4;10661.9;10502.3;10551.3;7.4171e+09;10582.1;10571.8;10566.7
20251023;063000;10584.6;10678.4;10563.9;10608.3;1.24834e+10;10621.2;10616.9;10614.7
20251024;063000;10699.8;11158.1;10662.3;10941.8;1.18075e+10;10910.2;10920.7;10926
20251027;063000;10928.4;10948.1;10823.2;10853.4;6.7894e+09;10885.6;10874.9;10869.5
20251028;063000;10858.7;10920.5;10847.4;10871.1;3.2658e+09;10884;10879.7;10877.5
20251030;063000;10907.4;10946;10824.6;10837.3;6.4148e+09;10885.3;10869.3;10861.3
20251031;063000;10854.9;10994.4;10816.9;10971.5;8.0212e+09;10905.7;10927.6;10938.6
20251103;063000;11019.6;11152.3;11011.9;11060.4;8.5734e+09;11082.1;11074.9;11071.3
20251104;063000;11049.9;11083.3;10871.8;10914.1;7.816e+09;10977.5;10956.4;10945.8
20251105;063000;10927.8;11000.1;10849;10970.4;8.0346e+09;10924.5;10939.8;10947.5
20251106;063000;11029.3;11108.1;10969.4;11073.3;7.6689e+09;11038.8;11050.3;11056
20251107;063000;11082.7;11092.9;10869;10924.5;7.4317e+09;10981;10962.1;10952.7
20251110;063000;10974.3;11044.5;10788.7;10789;6.2498e+09;10916.6;10874.1;10852.8
20251111;063000;10810.6;10839.1;10373.8;10576.5;8.2886e+09;10606.4;10596.5;10591.5
20251112;063000;10655.7;10706.6;10581;10640.9;7.1251e+09;10643.8;10642.8;10642.4
20251113;063000;10675.4;10714.7;10581;10628.6;5.4709e+09;10647.9;10641.4;10638.2
20251114;063000;10604.9;10607.4;10440.4;10565.7;6.6358e+09;10523.9;10537.8;10544.8
20251117;063000;10634;10774.2;10585.3;10698.1;6.2806e+09;10679.8;10685.9;10688.9
20251118;063000;10669.5;10791.2;10636.4;10728.6;6.1597e+09;10713.8;10718.7;10721.2
20251119;063000;10772;10933.2;10758.6;10903.9;6.5355e+09;10845.9;10865.2;10874.9
20251120;063000;10959;11038.8;10887;10979.7;7.6496e+09;10962.9;10968.5;10971.3
20251121;063000;10936.7;10945.2;10815.7;10922.9;6.9072e+09;10880.5;10894.6;10901.7
20251124;063000;10894.7;10944.5;10816.4;10888;6.1087e+09;10880.5;10883;10884.2
20251125;063000;10928.2;10998.2;10832.8;10857.2;6.3863e+09;10915.5;10896.1;10886.4
20251126;063000;10874.2;10953;10865.7;10914.7;5.1491e+09;10909.4;10911.1;10912
20251127;063000;10973.5;11032.5;10934.2;10945.5;4.9667e+09;10983.4;10970.7;10964.4
20251128;063000;10934.4;10953;10879.6;10898.7;4.1284e+09;10916.3;10910.4;10907.5
20251201;063000;10898.1;11125.7;10870.1;11116.5;5.2683e+09;10997.9;11037.4;11057.2
20251202;063000;11151.8;11184.1;11093.2;11123.5;5.2846e+09;11138.6;11133.6;11131.1
20251203;063000;11118.5;11201.7;11017.8;11036.8;6.5116e+09;11109.8;11085.4;11073.3
20251204;063000;11029.1;11077.7;10896.7;10918.5;4.7854e+09;10987.2;10964.3;10952.9
20251205;063000;10923.6;11015.5;10909.3;11007.4;6.036e+09;10962.4;10977.4;10984.9
20251208;063000;11082.1;11250.4;11074.7;11189.5;5.7124e+09;11162.6;11171.5;11176
20251209;063000;11210.3;11244.2;11148;11238.4;5.4026e+09;11196.1;11210.2;11217.3
20251210;063000;11273.3;11316.5;11170.8;11193.9;5.2899e+09;11243.6;11227.1;11218.8
20251211;063000;11226.7;11300.3;11198.8;11233.7;5.3662e+09;11249.5;11244.3;11241.6
20251212;063000;11269.5;11331;11253.3;11311.3;4.5881e+09;11292.1;11298.5;11301.7
20251215;063000;11349.2;11468.8;11328.6;11456.3;4.6977e+09;11398.7;11417.9;11427.5
20251216;063000;11470;11470;11309;11348.8;4.1988e+09;11389.5;11375.9;11369.1
20251217;063000;11338.7;11364.5;11250.5;11286.8;3.9376e+09;11307.5;11300.6;11297.1
20251218;063000;11317.9;11385.2;11307.7;11335.1;4.3323e+09;11346.5;11342.7;11340.8
20251219;063000;11346.2;11354.3;11291.1;11341.9;3.6388e+09;11322.7;11329.1;11332.3
20251222;063000;11383.5;11402.4;11266;11311.1;5.0277e+09;11334.2;11326.5;11322.6
20251223;063000;11307.2;11367.3;11276.2;11290.4;4.8854e+09;11321.8;11311.3;11306.1
20251224;063000;11317;11386.1;11313.8;11340.1;7.0124e+09;11349.9;11346.7;11345
20251226;063000;11340.4;11352.2;11228.6;11294.4;4.823e+09;11290.4;11291.7;11292.4
20251229;063000;11305.1;11324.8;11150.9;11150.9;4.5353e+09;11237.9;11208.9;11194.4
20251230;063000;11172.6;11235.5;11102.2;11220.2;5.4013e+09;11168.9;11186;11194.5
20251231;063000;11249.7;11324.4;11238.6;11261.5;4.0504e+09;11281.5;11274.8;11271.5
20260102;063000;11296.5;11498.4;11296.5;11498.4;5.7423e+09;11397.5;11431.1;11447.9
20260105;063000;11547.7;11726.2;11510.2;11702;6.4558e+09;11618.2;11646.1;11660.1
20260106;063000;11741.5;12032.4;11732.4;12023.8;6.199e+09;11882.4;11929.5;11953.1
20260107;063000;12071.4;12124.6;11990.3;12028.8;6.12e+09;12057.4;12047.9;12043.1
20260108;063000;12034.9;12152.6;11907.8;12088;5.6539e+09;12030.2;12049.5;12059.1
20260109;063000;12130.2;12201;12066;12201;9.4966e+09;12133.5;12156;12167.2
20260112;063000;12268;12378.8;12228;12254.8;7.8466e+09;12303.4;12287.2;12279.1
20260113;063000;12261.4;12428.4;12236;12385.6;8.7178e+09;12332.2;12350;12358.9
20260114;063000;12425.9;12444.5;12323.7;12369.9;6.4306e+09;12384.1;12379.4;12377
20260115;063000;12352.5;12472.9;12300.4;12456.7;7.2581e+09;12386.7;12410;12421.7
20260116;063000;12486.5;12668.5;12449.5;12668.5;8.7094e+09;12559;12595.5;12613.8
20260119;063000;12740.7;12837.9;12700.3;12747.9;7.8472e+09;12769.1;12762;12758.5
20260120;063000;12760.8;12914.1;12706.3;12805.8;6.8389e+09;12810.2;12808.7;12808
20260121;063000;12839.9;12847.2;12575.7;12728.2;7.6853e+09;12711.5;12717;12719.8
20260122;063000;12771.5;12862;12682.6;12851.5;7.5872e+09;12772.3;12798.7;12811.9
20260123;063000;12924.2;13030.8;12904.6;12992.7;6.7408e+09;12967.7;12976;12980.2
20260126;063000;12929.3;13182.1;12886.2;13177.3;9.5554e+09;13034.1;13081.9;13105.7
20260127;063000;13225;13263;13053.9;13107;7.4755e+09;13158.5;13141.3;13132.7
20260128;063000;13150.1;13512.4;13144.2;13407.4;1.28242e+10;13328.3;13354.7;13367.9
20260129;063000;13502.3;13906.5;13480.6;13831.1;1.39749e+10;13693.5;13739.4;13762.3
20260130;063000;13827.4;13876.8;13649.1;13838.3;9.811e+09;13762.9;13788.1;13800.6
20260202;063000;13598.4;13873.9;13393.8;13621;8.9984e+09;13633.9;13629.6;13627.4
20260203;063000;13725.5;13926.6;13660.8;13875.3;9.1636e+09;13793.7;13820.9;13834.5
20260204;063000;13964;13998.2;13835;13891.2;8.6781e+09;13916.6;13908.1;13903.9
20260205;063000;13867.1;13977.9;13589.1;13589.1;7.7185e+09;13783.5;13718.7;13686.3
20260206;063000;13585.6;13628;13402.6;13522;6.673e+09;13515.3;13517.5;13518.6
20260209;063000;13641.5;13858.2;13620.6;13838.4;9.2046e+09;13739.4;13772.4;13788.9
20260210;063000;13855.8;13888.2;13726.2;13797;7.3598e+09;13807.2;13803.8;13802.1
20260211;063000;13729.4;13912.9;13680.9;13787.8;1.17618e+10;13796.9;13793.9;13792.4
20260212;063000;13795;14196.9;13784.8;14180.5;1.27886e+10;13990.9;14054.1;14085.7
20260213;063000;14159;14320.9;14109.2;14180.7;9.4093e+09;14215.1;14203.6;14197.9
20260216;063000;14269.2;14433.2;14208;14339.3;9.8008e+09;14320.6;14326.8;14329.9
20260217;063000;14314.1;14409.3;14227.3;14227.3;1.00616e+10;14318.3;14288;14272.8
20260218;063000;14260.8;14532.7;14154.2;14259.9;1.3066e+10;14343.5;14315.6;14301.7
20260219;063000;14340.3;14343.1;13728.6;13804.2;9.0255e+09;14035.8;13958.6;13920
20260220;063000;13782.5;13934.1;13718.1;13934.1;9.2268e+09;13826.1;13862.1;13880.1
20260223;063000;14092.2;14190.1;14020;14061.7;7.6595e+09;14105;14090.6;14083.4
20260224;063000;14011.2;14093;13897.2;14050.8;6.3493e+09;13995.1;14013.7;14022.9
20260225;063000;14049.6;14068.3;13752.8;13809.9;6.634e+09;13910.5;13877;13860.2
20260226;063000;13780.1;13906.1;13652.4;13878.5;8.4591e+09;13779.2;13812.3;13828.9
20260227;063000;13889.7;13967.2;13552.8;13717.8;8.9385e+09;13760;13745.9;13738.9
20260302;063000;12987.4;13456.6;12987.4;13346.4;6.9945e+09;13222;13263.5;13284.2
20260303;063000;13296;13380;12905.5;12933.4;6.3959e+09;13142.8;13073;13038.1
20260304;063000;12916.7;13086.2;12824.8;12943.2;5.8577e+09;12955.5;12951.4;12949.4
20260305;063000;13062.6;13202.6;13048;13078.9;4.0473e+09;13125.3;13109.8;13102.1
20260306;063000;13080.9;13148.7;12746.2;12792.8;4.9449e+09;12947.5;12895.9;12870.1
20260309;063000;12602.7;12717.6;12433;12702;6.484e+09;12575.3;12617.5;12638.6
20260310;063000;12951.6;13199.5;12904.1;13175.7;6.2318e+09;13051.8;13093.1;13113.8
20260311;063000;13188.7;13269.5;13032.5;13200.4;5.9904e+09;13151;13167.5;13175.7
20260312;063000;13161.7;13441.4;13156.5;13286.1;8.4634e+09;13299;13294.7;13292.5
20260313;063000;13253.3;13259.1;12944.7;13092.9;1.03642e+10;13101.9;13098.9;13097.4
20260316;063000;13119.9;13137.7;12880;12956.7;5.958e+09;13008.9;12991.5;12982.8
20260317;063000;13008.3;13253.6;12994.8;13217.6;5.8057e+09;13124.2;13155.3;13170.9
20260318;063000;13260.1;13298.5;13062.3;13115.1;5.8227e+09;13180.4;13158.6;13147.7
20260319;063000;13035.4;13109.7;12981;13047.7;2.2438e+09;13045.4;13046.1;13046.5
20260323;063000;12853.1;13168.2;12632.4;13168.2;1.10384e+10;12900.3;12989.6;13034.3
20260324;063000;13104.6;13136.6;12908.9;12930.2;5.7221e+09;13022.8;12991.9;12976.5
20260325;063000;13029.3;13100.4;12961.5;12963.9;6.3799e+09;13031;13008.6;12997.4
20260326;063000;12911.4;12978.4;12716.8;12727.1;6.7349e+09;12847.6;12807.4;12787.3
20260327;063000;12803;12825;12601.6;12698.2;4.8886e+09;12713.3;12708.3;12705.8
20260330;063000;12709.3;12777.8;12622.6;12626.4;4.4628e+09;12700.2;12675.6;12663.3
20260331;063000;12650.6;12848.7;12634.9;12791;5.1765e+09;12741.8;12758.2;12766.4
20260401;063000;12996.2;13031.6;12895.1;12937.9;6.5347e+09;12963.3;12954.9;12950.6
20260402;063000;12836.8;13078.3;12820.9;13051.7;7.9428e+09;12949.6;12983.6;13000.7
20260403;063000;13073.5;13075.6;12916.4;12936.4;5.7355e+09;12996;12976.1;12966.2
20260406;063000;12969;13167.9;12960.2;13112.3;7.8062e+09;13064.1;13080.1;13088.2
20260407;063000;13108.5;13179.9;12876.3;12921.6;7.0856e+09;13028.1;12992.6;12974.8
20260408;063000;13353.4;13679.9;13333.7;13536.8;9.8631e+09;13506.8;13516.8;13521.8
20260409;063000;13530.6;13712.5;13529.1;13689;8.2984e+09;13620.8;13643.5;13654.9
20260410;063000;13774.5;14073.8;13763.8;14073.8;1.09098e+10;13918.8;13970.5;13996.3
20260413;063000;13924.2;14099.2;13842.8;14058.5;1.0001e+10;13971;14000.2;14014.8
20260414;063000;14170;14356.2;14098.4;14202.2;1.17945e+10;14227.3;14218.9;14214.8
20260415;063000;14236.2;14314.1;14181.6;14252.4;1.24802e+10;14247.8;14249.4;14250.1
20260416;063000;14349.3;14431.8;14124.8;14201.1;1.39795e+10;14278.3;14252.6;14239.7
20260417;063000;14235.6;14601.1;14183.2;14587.9;1.96796e+10;14392.1;14457.4;14490
20260420;063000;14462.4;14609.9;14414.8;14484.9;1.2432e+10;14512.4;14503.2;14498.6
20260421;063000;14535.1;14616.1;14375.4;14375.4;1.19887e+10;14495.8;14455.6;14435.6
20260422;063000;14458.9;14498.5;14243.6;14335.5;8.0323e+09;14371;14359.2;14353.3
20260424;063000;14340.7;14409.1;14212.3;14409.1;9.4963e+09;14310.7;14343.5;14359.9
20260427;063000;14446.3;14622;14423.9;14594;1.40029e+10;14523;14546.6;14558.5
20260428;063000;14608.5;14608.5;14329.3;14329.3;1.3263e+10;14468.9;14422.4;14399.1
20260429;063000;14421.7;14476.2;14246.3;14311.2;1.15154e+10;14361.2;14344.6;14336.2
20260430;063000;14284;14469.3;14250.3;14442.6;1.07107e+10;14359.8;14387.4;14401.2
20260504;063000;14506.8;14544.6;14321;14369.6;1.10364e+10;14432.8;14411.7;14401.2
20260505;063000;14401.7;14579;14358;14495.8;1.26984e+10;14468.5;14477.6;14482.1
20260506;063000;14677.3;15043.6;14625.7;14917.4;1.62917e+10;14834.6;14862.2;14876
20260507;063000;14987.2;15050.4;14909.8;15040.3;1.75134e+10;14980.1;15000.2;15010.2
20260508;063000;15033.2;15167.1;14933.5;15062.7;1.69609e+10;15050.3;15054.4;15056.5
20260511;063000;15026;15204.9;14991.7;15133.5;1.66056e+10;15098.3;15110;15115.9
20260512;063000;15141.4;15141.4;14775.5;14779.9;1.89625e+10;14958.5;14898.9;14869.2
20260513;063000;14846.7;14867.8;14566.2;14598.5;1.53849e+10;14717;14677.5;14657.8
20260514;063000;14612;14762.5;14604.4;14644.7;1.12362e+10;14683.5;14670.5;14664.1
20260515;063000;14526.5;14538.4;14265.7;14367.6;9.2828e+09;14402.1;14390.6;14384.8
20260518;063000;14333.7;14342.5;14029.5;14029.5;1.06963e+10;14186;14133.8;14107.8
20260520;063000;14009;14089.8;13856.1;14012;1.01299e+10;13972.9;13986;13992.5
20260521;063000;14040.1;14063.6;13163.9;13163.9;9.5937e+09;13613.8;13463.8;13388.8
20260522;063000;12966.3;13865;12966.3;13808.2;1.23469e+10;13415.6;13546.5;13611.9
20260525;063000;13889.4;13936.9;13766.5;13890.9;8.453e+09;13851.7;13864.8;13871.3
20260526;063000;13902.6;13920.9;13662.8;13662.8;3.4319e+09;13791.9;13748.8;13727.3
20260601;063000;13722.5;13922.5;13676;13704;8.5469e+09;13799.2;13767.5;13751.6
20260602;063000;13798.5;14200.2;13798.5;14200.2;8.531e+09;13999.4;14066.3;14099.8
20260603;063000;14191.2;14220;13940.5;13965.7;9.905e+09;14080.2;14042.1;14023
20260604;063000;14061.8;14189;13680.3;13872.3;9.8283e+09;13934.6;13913.9;13903.5
20260605;063000;13889.4;13903.4;13661.8;13694.2;8.7443e+09;13782.6;13753.1;13738.4
20260608;063000;13590.2;13922.9;13580.4;13860.6;9.2811e+09;13751.7;13788;13806.1
20260609;063000;13900.3;13935.1;13714.2;13741.9;8.5397e+09;13824.6;13797.1;13783.3
20260610;063000;13725.2;13835.5;13600.3;13744.6;6.846e+09;13717.9;13726.8;13731.2
20260611;063000;13785.9;13889.6;13567.4;13743.5;1.24964e+10;13728.5;13733.5;13736
20260612;063000;13912.1;14125.8;13801.3;13938.5;9.5341e+09;13963.5;13955.2;13951
20260615;063000;14359.5;14508.6;14251.5;14446.4;8.754e+09;14380;14402.2;14413.2
20260616;063000;14482.9;14575.3;14417.9;14493.1;9.6315e+09;14496.6;14495.4;14494.8
20260617;063000;14583.2;14604.6;14375.4;14421.2;9.9588e+09;14490;14467.1;14455.6
20260618;063000;14454.3;14827.4;14454.3;14827.4;9.2323e+09;14640.9;14703;14734.1
20260619;063000;14711;14876.1;14657.8;14734.5;8.2979e+09;14766.9;14756.1;14750.7
20260622;063000;14791.3;14871.5;14697.8;14729.7;8.2078e+09;14784.6;14766.3;14757.2
20260623;063000;14649.1;14649.1;14467.3;14539.6;7.8158e+09;14558.2;14552;14548.9
20260624;063000;14552.5;14557.1;14323.5;14331.2;7.4956e+09;14440.3;14403.9;14385.8
20260625;063000;14450.1;14583.1;14212.1;14259.8;8.846e+09;14397.6;14351.7;14328.7
20260626;063000;14262.3;14358.6;14147.1;14274;6.5527e+09;14252.8;14259.9;14263.4
20260629;063000;14321.4;14366;14113.9;14183.2;6.3895e+09;14240;14221;14211.6
20260630;063000;14220.1;14297.1;14059.2;14121.8;7.9721e+09;14178.1;14159.4;14150
20260701;063000;14110.5;14395;14031.7;14350.6;7.3541e+09;14213.4;14259.1;14282
20260702;063000;14382.1;14487.2;14379.2;14455;6.6391e+09;14433.2;14440.5;14444.1
20260703;063000;14511.7;14511.7;14372.1;14417.9;7.5833e+09;14441.9;14433.9;14429.9
20260706;063000;14491.2;14629.7;14417.2;14424.5;6.7078e+09;14523.5;14490.5;14474
20260707;063000;14407.9;14611.4;14397.4;14497.4;7.3365e+09;14504.4;14502.1;14500.9
20260708;063000;14456.8;14461.6;14179;14190;7.5911e+09;14320.3;14276.9;14255.1
20260709;063000;14253.1;14275.1;14053.5;14105.4;8.7385e+09;14164.3;14144.7;14134.9
20260710;063000;14109.2;14379.7;14092.8;14321.2;9.5052e+09;14236.2;14264.6;14278.7
20260713;063000;14265.5;14265.5;14033.1;14092;8.3368e+09;14149.3;14130.2;14120.6
20260714;063000;13988.4;14115.6;13942;14080;7.6363e+09;14028.8;14045.9;14054.4
20260716;063000;14029.2;14254.6;14029.2;14251.3;7.2698e+09;14141.9;14178.4;14196.6
20260717;063000;14145.8;14153.7;13962.6;13981.1;6.5226e+09;14058.1;14032.5;14019.6
20260720;063000;13936.2;14194;13910.5;14071;9.0123e+09;14052.2;14058.5;14061.6
20260723;063000;14150.5;14228;14031.9;14077.7;1.07574e+10;14130;14112.5;14103.8
20260724;063000;14053.1;14188.6;13875.6;13943.9;9.3925e+09;14032.1;14002.7;13988
20260727;063000;14028.4;14085.4;13774;13774.8;7.4844e+09;13929.7;13878.1;13852.2
20260728;063000;13786.5;13872.9;13635.4;13687.9;7.6046e+09;13754.2;13732.1;13721
20260729;063000;13692.3;13721.9;13449;13501.6;6.9698e+09;13585.5;13557.5;13543.5
20260730;063000;13484.5;13489.1;13223.7;13292.9;7.9112e+09;13356.4;13335.2;13324.7
20260803;063000;13544.3;13588.5;13376;13410.5;8.0162e+09;13482.2;13458.3;13446.4
20260804;063000;13399.4;13687.9;13395.9;13687.9;7.6747e+09;13541.9;13590.6;13614.9
20260805;063000;13707.7;13779.7;13564.8;13703.1;8.2222e+09;13672.2;13682.5;13687.7
20260806;063000;13728.7;13805.4;13667.8;13798.8;6.9057e+09;13736.6;13757.3;13767.7
20260807;063000;13827.1;13956.2;13698.8;13779.4;7.361e+09;13827.5;13811.5;13803.5
20260810;063000;13825.1;13910.9;13779.1;13811.6;8.9863e+09;13845;13833.9;13828.3
20260811;063000;13790.5;13794.6;13562.5;13704.5;8.0795e+09;13678.5;13687.2;13691.5
20260812;063000;13705;14131;13701;14110.1;1.05611e+10;13916;13980.7;14013
20260813;063000;14124.2;14228.8;14064.8;14132.2;8.0867e+09;14146.8;14141.9;14139.5
20260814;063000;14137.4;14250;14092.8;14172.3;6.3984e+09;14171.4;14171.7;14171.8
20260817;063000;14192.9;14236.9;14053.3;14132.1;6.9278e+09;14145.1;14140.8;14138.6
20260818;063000;14115.2;14209.2;14043.8;14128;0;14126.5;14127;14127.2
