20230728;0630;7.00833;7.07917;6.9;6.96667;3.36184e+07;6.98958;6.98194;6.97812
20230731;0630;6.99167;7.25;6.92917;7.22083;6.64577e+07;7.08958;7.13333;7.15521
20230801;0630;7.2625;7.54583;7.24583;7.25417;8.13986e+07;7.39583;7.34861;7.325
20230802;0630;7.25417;7.4375;7.20833;7.30833;3.63964e+07;7.32292;7.31806;7.31562
20230803;0630;7.375;7.4375;7.125;7.23333;3.73533e+07;7.28125;7.26528;7.25729
20230804;0630;7.2375;7.40833;7.15;7.39167;3.4981e+07;7.27917;7.31667;7.33542
20230807;0630;7.475;7.66667;7.44167;7.525;4.85413e+07;7.55417;7.54444;7.53958
20230808;0630;7.53333;7.57917;7.22917;7.3;3.36871e+07;7.40417;7.36944;7.35208
20230809;0630;6.95833;6.975;6.75833;6.8;7.71746e+07;6.86667;6.84444;6.83333
20230810;0630;6.8;6.825;6.4625;6.47083;7.04983e+07;6.64375;6.58611;6.55729
20230811;0630;6.47083;6.57083;6.375;6.54583;6.22568e+07;6.47292;6.49722;6.50937
20230814;0630;6.55833;6.64167;6.41667;6.425;5.9913e+07;6.52917;6.49444;6.47708
20230815;0630;6.425;6.44583;6.2875;6.4375;3.60302e+07;6.36667;6.39028;6.40208
20230816;0630;6.58333;6.60833;6.45;6.47917;3.75592e+07;6.52917;6.5125;6.50417
20230817;0630;6.47917;6.72917;6.41667;6.575;6.07689e+07;6.57292;6.57361;6.57396
20230818;0630;6.5875;6.60833;6.2875;6.36667;3.373e+07;6.44792;6.42083;6.40729
20230821;0630;6.34583;6.5125;6.25417;6.4625;4.63845e+07;6.38333;6.40972;6.42292
20230822;0630;6.46667;6.6625;6.4375;6.49583;4.33965e+07;6.55;6.53194;6.52292
20230823;0630;6.51667;6.525;6.30417;6.30417;4.71426e+07;6.41458;6.37778;6.35937
20230824;0630;6.325;6.39167;6.1;6.12083;4.70614e+07;6.24583;6.20417;6.18333
20230825;0630;6.12083;6.27917;6;6.24167;4.84501e+07;6.13958;6.17361;6.19062
20230828;0630;6.41667;6.53333;6.35;6.40833;4.85618e+07;6.44167;6.43056;6.425
20230829;0630;6.44583;6.45833;6.3;6.41667;2.62452e+07;6.37917;6.39167;6.39792
20230831;0630;6.51667;6.79167;6.5;6.6875;8.28464e+07;6.64583;6.65972;6.66667
20230901;0630;6.74167;6.75;6.59167;6.72917;4.23425e+07;6.67083;6.69028;6.7
20230904;0630;6.82917;6.91667;6.725;6.73333;5.46446e+07;6.82083;6.79167;6.77708
20230905;0630;6.73333;6.74583;6.55417;6.67083;3.43408e+07;6.65;6.65694;6.66042
20230906;0630;6.7375;6.77917;6.61667;6.69167;4.0912e+07;6.69792;6.69583;6.69479
20230907;0630;6.71667;7;6.68333;6.9875;6.51044e+07;6.84167;6.89028;6.91458
20230908;0630;7.025;7.625;7.025;7.45;1.5116e+08;7.325;7.36667;7.3875
20230911;0630;7.51667;7.99167;7.5;7.65833;1.23001e+08;7.74583;7.71667;7.70208
20230912;0630;7.65833;7.8375;7.47917;7.72083;9.02819e+07;7.65833;7.67917;7.68958
20230913;0630;7.75;7.83333;7.36667;7.60833;6.63425e+07;7.6;7.60278;7.60417
20230914;0630;7.61667;7.65;7.15417;7.55833;5.64524e+07;7.40208;7.45417;7.48021
20230915;0630;7.5875;7.80417;7.37917;7.55833;4.8711e+07;7.59167;7.58055;7.575
20230918;0630;7.54167;7.66667;6.975;6.9875;4.50817e+07;7.32083;7.20972;7.15417
20230919;0630;7.08333;7.1875;7;7.05833;3.27172e+07;7.09375;7.08194;7.07604
20230920;0630;7.08333;7.24167;6.9375;6.94583;3.0867e+07;7.08958;7.04167;7.01771
20230921;0630;6.94583;7.5125;6.86667;7.47083;3.90032e+07;7.18958;7.28333;7.33021
20230922;0630;7.45;7.55417;7.30417;7.40833;3.78326e+07;7.42917;7.42222;7.41875
20230925;0630;7.5;8.14583;7.43333;8.14583;7.86585e+07;7.78958;7.90833;7.96771
20230926;0630;8.22083;8.4;7.7375;7.77083;9.04101e+07;8.06875;7.96944;7.91979
20230927;0630;7.775;8.40833;7.65833;8.16667;8.56093e+07;8.03333;8.07778;8.1
20230928;0630;8.175;8.2875;7.89583;7.92917;5.03964e+07;8.09167;8.0375;8.01042
20230929;0630;7.93333;8.71667;7.90417;8.55833;1.18279e+08;8.31042;8.39306;8.43437
20231002;0630;8.58333;8.80833;8.27917;8.40833;1.14467e+08;8.54375;8.49861;8.47604
20231003;0630;8.625;8.63333;8.24167;8.31667;4.9182e+07;8.4375;8.39722;8.37708
20231004;0630;8.33333;8.45833;8.02083;8.02083;3.84568e+07;8.23958;8.16667;8.13021
20231005;0630;8.08333;8.46667;7.91667;8.41667;5.01929e+07;8.19167;8.26667;8.30417
20231006;0630;8.25417;8.69167;8.25;8.6;3.78395e+07;8.47083;8.51389;8.53542
20231009;0630;8.33333;8.75833;8.25;8.29167;5.6889e+07;8.50417;8.43333;8.39792
20231010;0630;8.43333;8.6;8.32083;8.38333;3.2998e+07;8.46042;8.43472;8.42188
20231011;0630;8.38333;8.45833;8.02083;8.05833;2.93277e+07;8.23958;8.17917;8.14896
20231012;0630;8.125;8.20833;7.59167;7.84583;3.52283e+07;7.9;7.88194;7.87292
20231013;0630;7.83333;7.83333;7.50417;7.55833;2.27456e+07;7.66875;7.63194;7.61354
20231016;0630;7.65417;7.88333;7.34167;7.66667;5.07739e+07;7.6125;7.63056;7.63958
20231017;0630;7.65833;7.77083;7.57083;7.74167;1.94051e+07;7.67083;7.69444;7.70625
20231018;0630;7.62083;7.68333;7.39167;7.6375;1.73346e+07;7.5375;7.57083;7.5875
20231019;0630;7.63333;7.675;7.33333;7.36667;2.43919e+07;7.50417;7.45833;7.43542
20231020;0630;7.34583;7.34583;6.97917;7;2.5884e+07;7.1625;7.10833;7.08125
20231023;0630;7.08333;7.44167;7.08333;7.4125;2.83397e+07;7.2625;7.3125;7.3375
20231024;0630;7.5;7.875;7.42917;7.75;2.98596e+07;7.65208;7.68472;7.70104
20231025;0630;7.725;7.78333;7.08333;7.33333;2.53718e+07;7.43333;7.4;7.38333
20231026;0630;7.33333;7.55833;7.0625;7.48333;2.39612e+07;7.31042;7.36806;7.39687
20231027;0630;7.48333;7.60417;7.18333;7.52917;1.69679e+07;7.39375;7.43889;7.46146
20231030;0630;7.51667;7.825;7.48333;7.625;3.37039e+07;7.65417;7.64444;7.63958
20231031;0630;7.45833;7.5;7.25417;7.38333;3.53494e+07;7.37708;7.37917;7.38021
20231101;0630;7.40417;7.74583;7.1875;7.69167;2.98612e+07;7.46667;7.54167;7.57917
20231102;0630;7.69167;7.70833;7.41667;7.47917;1.42907e+07;7.5625;7.53472;7.52083
20231103;0630;7.5;7.57083;7.27917;7.4875;1.1936e+07;7.425;7.44583;7.45625
20231106;0630;7.575;7.62083;7.29583;7.31667;2.05261e+07;7.45833;7.41111;7.3875
20231107;0630;7.34167;7.40417;7.20833;7.3;1.38165e+07;7.30625;7.30417;7.30312
20231108;0630;7.3625;7.38333;7.27917;7.29583;1.11015e+07;7.33125;7.31944;7.31354
20231109;0630;7.29583;7.35417;7.18333;7.28333;9.71167e+06;7.26875;7.27361;7.27604
20231110;0630;7.25833;7.34167;7.16667;7.21667;1.20307e+07;7.25417;7.24167;7.23542
20231113;0630;7.22083;7.2875;6.96667;6.9875;1.06008e+07;7.12708;7.08056;7.05729
20231114;0630;7;7.0625;6.84583;7.01667;9.98992e+06;6.95417;6.975;6.98542
20231115;0630;7.01667;7.17917;6.93333;7.01667;8.97662e+06;7.05625;7.04305;7.03646
20231116;0630;7.0375;7.12917;7;7.0875;9.39412e+06;7.06458;7.07222;7.07604
20231117;0630;7.09583;7.34167;7.0625;7.34167;1.41151e+07;7.20208;7.24861;7.27187
20231120;0630;7.4375;7.52083;7.375;7.47083;1.97793e+07;7.44792;7.45556;7.45937
20231121;0630;7.50833;7.60833;7.36667;7.5;1.54434e+07;7.4875;7.49167;7.49375
20231122;0630;7.5;7.53333;7.275;7.32083;1.02161e+07;7.40417;7.37639;7.3625
20231123;0630;7.36667;7.39583;7.2125;7.32083;1.28679e+07;7.30417;7.30972;7.3125
20231124;0630;7.28333;7.41667;7.21667;7.34167;9.88717e+06;7.31667;7.325;7.32917
20231127;0630;7.35;7.62083;7.35;7.57917;2.47913e+07;7.48542;7.51667;7.53229
20231128;0630;7.61667;7.675;7.39167;7.42917;1.47271e+07;7.53333;7.49861;7.48125
20231129;0630;7.44167;7.52917;7.29167;7.34583;1.12823e+07;7.41042;7.38889;7.37812
20231130;0630;7.34583;7.39583;7.125;7.19167;9.77218e+06;7.26042;7.2375;7.22604
20231201;0630;7.24583;7.5;7.12917;7.29167;1.67984e+07;7.31458;7.30694;7.30312
20231204;0630;7.29167;7.51667;7.13333;7.28333;1.51481e+07;7.325;7.31111;7.30417
20231205;0630;7.29167;7.39167;7.17917;7.21667;8.0345e+06;7.28542;7.2625;7.25104
20231206;0630;7.22083;7.29167;7.0125;7.01667;9.5717e+06;7.15208;7.10694;7.08437
20231207;0630;7.01667;7.175;6.90417;7.175;6.95885e+06;7.03958;7.08472;7.10729
20231208;0630;7.175;7.24583;6.91667;6.91667;1.74712e+07;7.08125;7.02639;6.99896
20231211;0630;6.92083;6.95417;6.66667;6.6875;1.07006e+07;6.81042;6.76944;6.74896
20231212;0630;6.66667;6.75;6.625;6.69167;9.59214e+06;6.6875;6.68889;6.68958
20231213;0630;6.69167;6.69167;6.54167;6.62917;1.07121e+07;6.61667;6.62083;6.62292
20231214;0630;6.68333;6.82083;6.47917;6.76667;8.91552e+06;6.65;6.68889;6.70833
20231215;0630;6.76667;7.15;6.74167;7.15;1.50157e+07;6.94583;7.01389;7.04792
20231218;0630;7.12083;7.12917;6.775;6.77917;7.04448e+06;6.95208;6.89444;6.86562
20231219;0630;6.775;6.92917;6.66667;6.9;9.97828e+06;6.79792;6.83194;6.84896
20231220;0630;6.875;7.05;6.85833;6.85833;1.22318e+07;6.95417;6.92222;6.90625
20231221;0630;6.86667;7.16667;6.825;7.1125;1.33123e+07;6.99583;7.03472;7.05417
20231222;0630;7.10833;7.1625;6.83333;6.83333;6.99659e+06;6.99792;6.94306;6.91562
20231225;0630;6.83333;6.91667;6.58333;6.91667;6.04243e+06;6.75;6.80556;6.83333
20231226;0630;6.90833;7.125;6.73333;7.125;1.03432e+07;6.92917;6.99444;7.02708
20231227;0630;7.04167;7.33333;6.93333;7.32917;1.82915e+07;7.13333;7.19861;7.23125
20231228;0630;7.32917;7.92083;7.25833;7.92083;1.9698e+07;7.58958;7.7;7.75521
20231229;0630;7.8625;8.58333;7.74167;8.58333;3.724e+07;8.1625;8.30278;8.37292
20240102;0630;8.4;8.4;8.13333;8.13333;2.42742e+07;8.26667;8.22222;8.2
20240103;0630;8.10833;8.11667;7.7;7.7;1.65825e+07;7.90833;7.83889;7.80417
20240104;0630;7.7;7.87083;7.5;7.70833;1.30295e+07;7.68542;7.69306;7.69687
20240105;0630;7.70833;7.7625;7.50417;7.51667;1.05701e+07;7.63333;7.59444;7.575
20240108;0630;7.54167;7.6375;7.525;7.525;1.04748e+07;7.58125;7.5625;7.55313
20240109;0630;7.52917;7.57917;7.34167;7.34167;8.33316e+06;7.46042;7.42083;7.40104
20240110;0630;7.34167;7.45833;7.32083;7.38333;8.96833e+06;7.38958;7.3875;7.38646
20240111;0630;7.4;7.45833;7.29583;7.29583;8.16335e+06;7.37708;7.35;7.33646
20240112;0630;7.29583;7.5375;7.25;7.45;1.4331e+07;7.39375;7.4125;7.42187
20240115;0630;7.49167;7.58333;7.38333;7.50417;1.66615e+07;7.48333;7.49028;7.49375
20240116;0630;7.51667;7.5625;7.41667;7.45417;7.73344e+06;7.48958;7.47778;7.47187
20240117;0630;7.45417;7.45417;7.31667;7.32083;1.05739e+07;7.38542;7.36389;7.35312
20240118;0630;7.38333;7.5125;7.33333;7.33333;9.75342e+06;7.42292;7.39306;7.37812
20240119;0630;7.375;7.40833;7.26667;7.26667;7.63146e+06;7.3375;7.31389;7.30208
20240122;0630;7.26667;7.33333;7.25;7.275;6.32333e+06;7.29167;7.28611;7.28333
20240123;0630;7.3375;7.65833;7.25833;7.28333;1.01078e+07;7.45833;7.4;7.37083
20240124;0630;7.29167;7.375;7.22083;7.32917;9.06647e+06;7.29792;7.30833;7.31354
20240125;0630;7.35833;7.57083;7.35833;7.52917;1.08807e+07;7.46458;7.48611;7.49687
20240126;0630;7.52917;7.76667;7.49583;7.76667;1.24861e+07;7.63125;7.67639;7.69896
20240129;0630;7.7875;7.8875;7.67083;7.69583;1.54152e+07;7.77917;7.75139;7.7375
20240130;0630;7.70833;7.77917;7.65;7.65417;9.75518e+06;7.71458;7.69444;7.68437
20240131;0630;7.65417;7.8625;7.625;7.7625;1.68372e+07;7.74375;7.75;7.75312
20240201;0630;7.79167;7.9125;7.77083;7.89583;1.44172e+07;7.84167;7.85972;7.86875
20240202;0630;7.93333;8.0125;7.75833;7.81667;1.31767e+07;7.88542;7.8625;7.85104
20240205;0630;7.79167;7.95417;7.75;7.83333;1.37087e+07;7.85208;7.84583;7.84271
20240206;0630;7.85833;8.15417;7.72917;8.07917;2.45558e+07;7.94167;7.9875;8.01042
20240207;0630;8.10833;8.28333;8.01667;8.20417;2.49822e+07;8.15;8.16806;8.17708
20240208;0630;8.20833;8.35833;8.10833;8.12917;1.98933e+07;8.23333;8.19861;8.18125
20240209;0630;8.14583;8.31667;8.13333;8.2;1.33033e+07;8.225;8.21667;8.2125
20240212;0630;8.2625;8.38333;8.125;8.175;1.60044e+07;8.25417;8.22778;8.21458
20240213;0630;8.23333;8.29583;8.08333;8.08333;1.48157e+07;8.18958;8.15417;8.13646
20240214;0630;8.08333;8.25;7.95417;8.25;1.23768e+07;8.10208;8.15139;8.17604
20240215;0630;8.34167;8.49167;8.20833;8.24583;2.56581e+07;8.35;8.31528;8.29792
20240216;0630;7.96667;8.58333;7.86667;8.275;8.9514e+07;8.225;8.24167;8.25
20240219;0630;8.32083;8.63333;8.22083;8.25833;4.65474e+07;8.42708;8.37083;8.34271
20240220;0630;8.325;8.56667;8.23333;8.44167;2.19982e+07;8.4;8.41389;8.42083
20240221;0630;8.48333;9.23333;8.45833;8.925;7.62977e+07;8.84583;8.87222;8.88542
20240222;0630;9.16667;9.29167;8.825;8.9;5.4691e+07;9.05833;9.00556;8.97917
20240223;0630;9.125;9.125;8.85833;9;2.25263e+07;8.99167;8.99444;8.99583
20240226;0630;9.11667;9.54167;8.93333;9.4;5.03677e+07;9.2375;9.29167;9.31875
20240227;0630;9.34167;9.69167;9.25;9.5;4.44073e+07;9.47083;9.48056;9.48542
20240228;0630;9.51667;9.76667;9.01667;9.125;4.84188e+07;9.39167;9.30278;9.25833
20240229;0630;9.125;9.29167;8.775;8.86667;3.58925e+07;9.03333;8.97778;8.95
20240301;0630;8.95833;9.14167;8.83333;8.91667;3.08733e+07;8.9875;8.96389;8.95208
20240304;0630;9.025;9.08333;8.66667;8.66667;3.23331e+07;8.875;8.80556;8.77083
20240305;0630;8.73333;9.28333;8.63333;9.03333;4.22673e+07;8.95833;8.98333;8.99583
20240306;0630;9.04167;9.10833;8.56667;8.56667;2.11527e+07;8.8375;8.74722;8.70208
20240307;0630;8.60833;8.89167;8.60833;8.89167;1.84434e+07;8.75;8.79722;8.82083
20240308;0630;8.89167;9.05833;8.75833;8.89167;1.63121e+07;8.90833;8.90278;8.9
20240311;0630;9.05833;9.16667;8.70833;8.71667;1.87903e+07;8.9375;8.86389;8.82708
20240312;0630;8.73333;8.85;8.54167;8.675;1.76644e+07;8.69583;8.68889;8.68542
20240313;0630;8.71667;8.74167;8.41667;8.41667;2.1402e+07;8.57917;8.525;8.49792
20240314;0630;8.475;8.63333;8.24583;8.43333;2.60578e+07;8.43958;8.4375;8.43646
20240315;0630;8.45833;8.54167;8.32917;8.41667;2.04461e+07;8.43542;8.42917;8.42604
20240318;0630;8.425;8.525;8.16667;8.16667;1.27087e+07;8.34583;8.28611;8.25625
20240319;0630;8.19583;8.35833;8.1375;8.33333;1.25837e+07;8.24792;8.27639;8.29062
20240320;0630;8.33333;8.84167;8.30833;8.58333;3.2947e+07;8.575;8.57778;8.57917
20240321;0630;8.625;8.7;8.34167;8.35833;2.61075e+07;8.52083;8.46667;8.43958
20240322;0630;8.375;8.5;8.1125;8.17083;4.52024e+07;8.30625;8.26111;8.23854
20240325;0630;8.17917;8.56667;8.08333;8.09167;5.12754e+07;8.325;8.24722;8.20833
20240326;0630;8.10417;8.1875;7.83333;7.975;5.43931e+07;8.01042;7.99861;7.99271
20240327;0630;7.98333;8.09167;7.92917;7.99167;1.03402e+07;8.01042;8.00417;8.00104
20240328;0630;8.05417;8.29583;8.05417;8.2875;1.33017e+07;8.175;8.2125;8.23125
20240329;0630;8.29167;8.73333;8.0625;8.475;2.06412e+07;8.39792;8.42361;8.43646
20240401;0630;8.50833;8.575;8.29167;8.41667;1.93334e+07;8.43333;8.42778;8.425
20240402;0630;8.44167;8.54167;8.15;8.275;1.81521e+07;8.34583;8.32222;8.31042
20240403;0630;7.91667;7.91667;7.51667;7.51667;1.3419e+07;7.71667;7.65;7.61667
20240404;0630;7.5375;7.65417;7.44167;7.5;1.90926e+07;7.54792;7.53194;7.52396
20240405;0630;7.52083;7.96667;7.52083;7.95833;2.6117e+07;7.74375;7.81528;7.85104
20240408;0630;8.0875;8.56667;8.075;8.2875;1.81049e+07;8.32083;8.30972;8.30417
20240409;0630;8.2875;8.2875;8.2875;8.2875;0;8.2875;8.2875;8.2875
20240415;0630;8.25417;8.66667;8.17083;8.39167;1.60012e+07;8.41875;8.40972;8.40521
20240416;0630;8.38333;8.59167;8.2125;8.44167;1.72098e+07;8.40208;8.41528;8.42187
20240417;0630;8.48333;8.775;8.48333;8.66667;1.72601e+07;8.62917;8.64167;8.64792
20240418;0630;8.66667;8.83333;8.6;8.74167;1.58342e+07;8.71667;8.725;8.72917
20240419;0630;8.7;8.86667;8.61667;8.675;1.75841e+07;8.74167;8.71944;8.70833
20240422;0630;8.675;8.75833;8.3;8.3;1.91406e+07;8.52917;8.45278;8.41458
20240424;0630;8.33333;8.775;8.24583;8.39167;1.86466e+07;8.51042;8.47083;8.45104
20240425;0630;8.425;8.70833;8.4;8.575;1.76236e+07;8.55417;8.56111;8.56458
20240426;0630;8.60833;9.425;8.58333;9.425;7.33615e+07;9.00417;9.14444;9.21458
20240429;0630;10.3667;10.3667;9.58333;9.70833;2.06239e+08;9.975;9.88611;9.84167
20240430;0630;9.70833;9.83333;9.55;9.7;5.48747e+07;9.69167;9.69444;9.69583
20240502;0630;9.725;10.5333;9.66667;9.96667;9.65811e+07;10.1;10.0556;10.0333
20240503;0630;10;10.1333;9.88333;10;4.46347e+07;10.0083;10.0056;10.0042
20240506;0630;10.0333;10.2833;9.9;10.1583;3.94895e+07;10.0917;10.1139;10.125
20240507;0630;10.1583;10.1917;9.65833;9.79167;4.14581e+07;9.925;9.88055;9.85833
20240508;0630;9.84167;9.90833;9.66667;9.66667;2.16753e+07;9.7875;9.74722;9.72708
20240509;0630;9.71667;9.85;9.65833;9.70833;1.98197e+07;9.75417;9.73889;9.73125
20240510;0630;9.71667;9.91667;9.64167;9.91667;2.51006e+07;9.77917;9.825;9.84792
20240513;0630;9.98333;10.1917;9.85833;9.90833;3.40456e+07;10.025;9.98611;9.96667
20240514;0630;9.95;10.2083;9.775;10.175;3.49735e+07;9.99167;10.0528;10.0833
20240515;0630;10.175;10.175;9.74167;9.96667;5.0999e+07;9.95833;9.96111;9.9625
20240516;0630;10.025;10.3333;9.99167;10.25;3.83296e+07;10.1625;10.1917;10.2062
20240517;0630;10.25;10.6667;10.1167;10.6083;4.08302e+07;10.3917;10.4639;10.5
20240520;0630;10.625;10.675;10.3917;10.4167;2.49405e+07;10.5333;10.4944;10.475
20240521;0630;10.4667;10.5167;10.2417;10.2583;2.48528e+07;10.3792;10.3389;10.3187
20240522;0630;10.2583;10.3417;10.1083;10.15;1.89212e+07;10.225;10.2;10.1875
20240523;0630;10.2167;10.375;10.1833;10.1917;2.06597e+07;10.2792;10.25;10.2354
20240524;0630;10.25;10.3917;10.025;10.1667;2.04197e+07;10.2083;10.1944;10.1875
20240527;0630;10.1833;10.4;9.8;9.8;2.78571e+07;10.1;10;9.95
20240528;0630;9.89167;10.1;9.79167;9.95833;1.80368e+07;9.94583;9.95;9.95208
20240529;0630;10;10.3167;9.975;10.1167;2.14162e+07;10.1458;10.1361;10.1312
20240530;0630;10.1833;10.2167;9.96667;10.1083;1.31712e+07;10.0917;10.0972;10.1
20240531;0630;10.1333;10.2833;9.875;9.875;1.45047e+07;10.0792;10.0111;9.97708
20240603;0630;9.91667;9.975;9.75833;9.89167;1.3866e+07;9.86667;9.875;9.87917
20240604;0630;9.9;10.5;9.9;10.325;4.06509e+07;10.2;10.2417;10.2625
20240605;0630;10.35;10.3917;9.90833;10.0583;2.60542e+07;10.15;10.1194;10.1042
20240606;0630;10.125;10.4917;10.125;10.3667;2.84843e+07;10.3083;10.3278;10.3375
20240607;0630;10.3417;10.3917;9.95;10.125;1.76774e+07;10.1708;10.1556;10.1479
20240610;0630;10.05;10.125;9.84167;9.89167;1.56941e+07;9.98333;9.95278;9.9375
20240611;0630;9.89167;9.95833;9.80833;9.85833;1.02085e+07;9.88333;9.875;9.87083
20240612;0630;9.86667;10.1167;9.8;10.0417;1.6925e+07;9.95833;9.98611;10
20240613;0630;10.1667;10.275;10.0667;10.1667;1.93638e+07;10.1708;10.1694;10.1687
20240614;0630;10.25;10.3417;10.1667;10.1833;1.64663e+07;10.2542;10.2306;10.2187
20240620;0630;10.2833;10.3417;10.0583;10.1833;1.67576e+07;10.2;10.1944;10.1917
20240621;0630;10.2917;10.5417;10.1917;10.5333;3.27702e+07;10.3667;10.4222;10.45
20240624;0630;10.6417;11.0833;10.5667;11.05;5.39127e+07;10.825;10.9;10.9375
20240625;0630;11.05;11.125;10.8333;11.0917;1.99538e+07;10.9792;11.0167;11.0354
20240626;0630;11.0917;11.55;10.9333;11.1083;4.13351e+07;11.2417;11.1972;11.175
20240627;0630;11.1083;11.1083;10.6583;10.7;2.4281e+07;10.8833;10.8222;10.7917
20240628;0630;10.75;10.975;10.5833;10.7333;3.03416e+07;10.7792;10.7639;10.7562
20240701;0630;10.7917;11.0417;10.575;10.7083;2.68824e+07;10.8083;10.775;10.7583
20240702;0630;10.7917;11.4417;10.75;11.3667;3.40078e+07;11.0958;11.1861;11.2312
20240703;0630;11.4417;11.5;11.1333;11.3917;2.14206e+07;11.3167;11.3417;11.3542
20240704;0630;11.4667;11.6417;11.2167;11.375;1.69284e+07;11.4292;11.4111;11.4021
20240705;0630;11.2833;11.4167;11.1417;11.1417;1.36668e+07;11.2792;11.2333;11.2104
20240708;0630;11.1667;11.2917;10.9583;11.0083;1.24947e+07;11.125;11.0861;11.0667
20240709;0630;11.0083;11.4417;11;11.3667;2.13867e+07;11.2208;11.2694;11.2937
20240710;0630;11.4;11.75;11.0833;11.6667;2.50156e+07;11.4167;11.5;11.5417
20240711;0630;11.6667;11.9083;11.5667;11.5833;1.82471e+07;11.7375;11.6861;11.6604
20240712;0630;11.5833;11.9333;11.5167;11.9333;2.37986e+07;11.725;11.7944;11.8292
20240716;0630;11.9333;12.075;11.8167;12.0417;1.71203e+07;11.9458;11.9778;11.9937
20240717;0630;12.0417;12.4;11.8667;12.3583;1.80805e+07;12.1333;12.2083;12.2458
20240718;0630;12.3833;12.6167;12.15;12.35;2.15842e+07;12.3833;12.3722;12.3667
20240719;0630;12.325;12.45;12.1667;12.3083;1.64199e+07;12.3083;12.3083;12.3083
20240722;0630;12.2;12.4083;11.6917;12.1583;3.13688e+07;12.05;12.0861;12.1042
20240723;0630;12.3333;12.6667;12.1833;12.375;3.14413e+07;12.425;12.4083;12.4
20240724;0630;12.15;12.45;11.73;11.77;2.32217e+07;12.09;11.9833;11.93
20240725;0630;11.75;11.8;10.65;10.75;7.29515e+07;11.225;11.0667;10.9875
20240726;0630;10.76;10.85;10.4;10.5;5.02113e+07;10.625;10.5833;10.5625
20240729;0630;10.5;11.08;10.46;10.65;4.27476e+07;10.77;10.73;10.71
20240730;0630;10.7;10.76;10.5;10.57;1.54007e+07;10.63;10.61;10.6
20240731;0630;10.5;10.53;10.12;10.13;2.13052e+07;10.325;10.26;10.2275
20240801;0630;10.18;10.39;10.18;10.32;1.48836e+07;10.285;10.2967;10.3025
20240802;0630;10.25;10.37;10.06;10.16;1.51927e+07;10.215;10.1967;10.1875
20240805;0630;9.56;10.25;9.56;9.82;2.15264e+07;9.905;9.87667;9.8625
20240806;0630;10.05;10.22;9.99;10;1.27523e+07;10.105;10.07;10.0525
20240807;0630;10.17;10.22;9.85;9.95;1.38258e+07;10.035;10.0067;9.9925
20240808;0630;9.96;10.18;9.95;10.1;1.50867e+07;10.065;10.0767;10.0825
20240809;0630;10.16;10.32;10.02;10.03;1.44215e+07;10.17;10.1233;10.1
20240812;0630;10.05;10.12;9.76;9.79;9.60186e+06;9.94;9.89;9.865
20240813;0630;9.78;9.9;9.65;9.81;8.25585e+06;9.775;9.78667;9.7925
20240814;0630;9.83;10.13;9.83;10.03;1.23035e+07;9.98;9.99667;10.005
20240815;0630;10.04;10.16;9.89;10.15;9.80692e+06;10.025;10.0667;10.0875
20240816;0630;9.98;10.01;9.58;9.58;3.42541e+07;9.795;9.72333;9.6875
20240819;0630;9.6;9.65;9.33;9.55;1.58672e+07;9.49;9.51;9.52
20240820;0630;9.58;9.58;9.43;9.44;1.04212e+07;9.505;9.48333;9.4725
20240821;0630;9.44;9.58;9.38;9.4;8.78221e+06;9.48;9.45333;9.44
20240822;0630;9.42;9.52;9.24;9.26;1.38449e+07;9.38;9.34;9.32
20240823;0630;9.26;9.27;8.9;8.9;1.69892e+07;9.085;9.02333;8.9925
20240826;0630;8.93;9.03;8.52;8.52;2.09931e+07;8.775;8.69;8.6475
20240827;0630;8.54;8.6;8.37;8.51;1.71901e+07;8.485;8.49333;8.4975
20240828;0630;8.61;8.73;8.36;8.39;1.56527e+07;8.545;8.49333;8.4675
20240829;0630;8.45;9.11;8.41;8.93;3.20992e+07;8.76;8.81667;8.845
20240902;0630;9.1;9.35;8.94;8.96;1.93167e+07;9.145;9.08333;9.0525
20240903;0630;8.99;9.19;8.9;8.9;1.19498e+07;9.045;8.99667;8.9725
20240904;0630;8.82;9.16;8.77;9.02;1.47028e+07;8.965;8.98333;8.9925
20240905;0630;9.15;9.16;8.89;8.97;1.20123e+07;9.025;9.00667;8.9975
20240906;0630;8.97;9;8.88;8.9;7.03458e+06;8.94;8.92667;8.92
20240909;0630;8.83;9.01;8.79;8.94;1.03248e+07;8.9;8.91333;8.92
20240910;0630;8.95;9.09;8.79;8.79;1.00098e+07;8.94;8.89;8.865
20240911;0630;8.79;8.85;8.51;8.51;9.74192e+06;8.68;8.62333;8.595
20240912;0630;8.56;8.74;8.45;8.74;9.70136e+06;8.595;8.64333;8.6675
20240913;0630;8.8;8.91;8.6;8.9;1.00038e+07;8.755;8.80333;8.8275
20240916;0630;8.91;9;8.76;8.84;1.03054e+07;8.88;8.86667;8.86
20240917;0630;8.88;8.99;8.83;8.83;7.69116e+06;8.91;8.88333;8.87
20240918;0630;8.86;8.89;8.71;8.72;7.86463e+06;8.8;8.77333;8.76
20240919;0630;8.81;8.87;8.71;8.87;1.55589e+07;8.79;8.81667;8.83
20240920;0630;8.94;8.97;8.75;8.77;1.05065e+07;8.86;8.83;8.815
20240923;0630;8.78;8.84;8.65;8.66;8.04894e+06;8.745;8.71667;8.7025
20240924;0630;8.7;9.52;8.64;9.52;4.92791e+07;9.08;9.22667;9.3
20240925;0630;9.61;9.74;9.29;9.32;3.73944e+07;9.515;9.45;9.4175
20240926;0630;9.39;9.95;9.39;9.52;4.01011e+07;9.67;9.62;9.595
20240927;0630;9.52;9.6;9.15;9.22;1.59751e+07;9.375;9.32333;9.2975
20240930;0630;9.22;9.38;9.09;9.22;1.32941e+07;9.235;9.23;9.2275
20241001;0630;9.23;9.35;8.82;8.94;1.49347e+07;9.085;9.03667;9.0125
20241002;0630;8.88;9.08;8.79;8.79;1.25525e+07;8.935;8.88667;8.8625
20241003;0630;8.8;8.91;8.59;8.59;1.38795e+07;8.75;8.69667;8.67
20241004;0630;8.63;8.72;8.48;8.5;1.53853e+07;8.6;8.56667;8.55
20241007;0630;8.53;8.83;8.49;8.67;1.64944e+07;8.66;8.66333;8.665
20241008;0630;8.67;8.81;8.53;8.75;8.22795e+06;8.67;8.69667;8.71
20241009;0630;8.65;8.88;8.59;8.84;7.4601e+06;8.735;8.77;8.7875
20241010;0630;8.85;8.9;8.53;8.53;1.01116e+07;8.715;8.65333;8.6225
20241011;0630;8.58;8.63;8.3;8.3;1.03018e+07;8.465;8.41;8.3825
20241014;0630;8.3;8.35;8.08;8.1;1.03005e+07;8.215;8.17667;8.1575
20241015;0630;8.12;8.36;8.12;8.26;1.00254e+07;8.24;8.24667;8.25
20241016;0630;8.26;8.42;8.22;8.25;1.03922e+07;8.32;8.29667;8.285
20241017;0630;8.3;8.48;8.28;8.48;8.23039e+06;8.38;8.41333;8.43
20241018;0630;8.56;8.56;8.27;8.3;8.01074e+06;8.415;8.37667;8.3575
20241021;0630;8.3;8.34;8.07;8.07;8.32219e+06;8.205;8.16;8.1375
20241022;0630;8.09;8.24;8.03;8.16;1.09682e+07;8.135;8.14333;8.1475
20241023;0630;8.16;8.25;8.04;8.05;7.81376e+06;8.145;8.11333;8.0975
20241024;0630;8.13;8.23;8.09;8.2;1.11805e+07;8.16;8.17333;8.18
20241025;0630;8.2;8.26;8.09;8.21;8.08292e+06;8.175;8.18667;8.1925
20241028;0630;8.24;8.33;8.18;8.26;5.71776e+06;8.255;8.25667;8.2575
20241030;0630;8.27;8.37;8.22;8.25;1.1588e+07;8.295;8.28;8.2725
20241031;0630;8.21;8.34;8.17;8.34;1.44176e+07;8.255;8.28333;8.2975
20241101;0630;8.34;8.94;8.3;8.46;3.85556e+07;8.62;8.56667;8.54
20241104;0630;8.46;8.57;8.27;8.31;1.69827e+07;8.42;8.38333;8.365
20241105;0630;8.43;8.45;8.1;8.21;8.78329e+06;8.275;8.25333;8.2425
20241106;0630;8.25;8.37;8.18;8.3;1.17243e+07;8.275;8.28333;8.2875
20241107;0630;8.3;8.4;8.19;8.4;1.07456e+07;8.295;8.33;8.3475
20241108;0630;8.41;8.55;8.33;8.53;1.56825e+07;8.44;8.47;8.485
20241111;0630;8.59;9;8.53;8.81;1.90474e+07;8.765;8.78;8.7875
20241112;0630;8.81;8.87;8.67;8.71;1.10555e+07;8.77;8.75;8.74
20241113;0630;8.71;8.74;8.58;8.6;1.09811e+07;8.66;8.64;8.63
20241114;0630;8.65;8.75;8.61;8.69;9.67642e+06;8.68;8.68333;8.685
20241115;0630;8.71;9.01;8.71;8.85;1.54453e+07;8.86;8.85667;8.855
20241118;0630;8.9;9.14;8.73;9.05;1.37715e+07;8.935;8.97333;8.9925
20241119;0630;9.08;9.16;8.75;8.83;1.2495e+07;8.955;8.91333;8.8925
20241120;0630;8.85;8.97;8.62;8.62;1.11081e+07;8.795;8.73667;8.7075
20241121;0630;8.69;8.95;8.63;8.93;1.049e+07;8.79;8.83667;8.86
20241122;0630;8.93;9.07;8.82;9.06;1.14721e+07;8.945;8.98333;9.0025
20241125;0630;9.13;9.16;9.02;9.03;1.36773e+07;9.09;9.07;9.06
20241126;0630;9.04;9.14;8.96;8.98;9.59473e+06;9.05;9.02667;9.015
20241127;0630;9.03;9.25;9;9.2;1.83362e+07;9.125;9.15;9.1625
20241128;0630;9.34;9.43;9.17;9.32;3.4364e+07;9.3;9.30667;9.31
20241129;0630;9.35;9.9;9.27;9.84;3.10393e+07;9.585;9.67;9.7125
20241202;0630;9.84;9.98;9.65;9.89;1.44765e+07;9.815;9.84;9.8525
20241203;0630;9.89;10.74;9.85;10.62;2.85962e+07;10.295;10.4033;10.4575
20241204;0630;10.64;10.89;10.53;10.66;2.53147e+07;10.71;10.6933;10.685
20241205;0630;10.68;10.8;10.35;10.51;1.78449e+07;10.575;10.5533;10.5425
20241206;0630;10.56;10.62;10.32;10.34;1.14086e+07;10.47;10.4267;10.405
20241209;0630;10.44;10.52;10.2;10.33;1.15893e+07;10.36;10.35;10.345
20241210;0630;10.35;10.55;10.16;10.48;1.53e+07;10.355;10.3967;10.4175
20241211;0630;10.48;11.07;10.4;10.9;2.82022e+07;10.735;10.79;10.8175
20241212;0630;10.9;11.07;10.71;10.89;1.8023e+07;10.89;10.89;10.89
20241213;0630;10.85;11.57;10.76;11.47;2.74274e+07;11.165;11.2667;11.3175
20241216;0630;11.5;11.63;11.26;11.35;1.72111e+07;11.445;11.4133;11.3975
20241217;0630;11.35;11.84;11.07;11.81;2.50044e+07;11.455;11.5733;11.6325
20241218;0630;11.81;12.03;11.51;11.55;2.10207e+07;11.77;11.6967;11.66
20241219;0630;11.5;12.21;11.21;12.01;3.32989e+07;11.71;11.81;11.86
20241220;0630;12.01;12.05;11.41;11.41;2.59655e+07;11.73;11.6233;11.57
20241223;0630;11.16;11.57;10.98;11.44;2.85095e+07;11.275;11.33;11.3575
20241224;0630;11.55;11.92;11.36;11.5;2.48951e+07;11.64;11.5933;11.57
20241225;0630;11.7;12.16;11.46;12.05;2.03606e+07;11.81;11.89;11.93
20241226;0630;12.03;12.09;11.63;11.9;3.14958e+07;11.86;11.8733;11.88
20241227;0630;11.91;12.1;11.67;12.03;2.14354e+07;11.885;11.9333;11.9575
20241230;0630;11.99;12.14;11.8;12.13;1.87903e+07;11.97;12.0233;12.05
20241231;0630;12.13;13.34;11.89;12.94;3.52409e+07;12.615;12.7233;12.7775
20250102;0630;12.9;12.9;12.45;12.48;1.93745e+07;12.675;12.61;12.5775
20250103;0630;12.48;12.6;12.23;12.29;1.40097e+07;12.415;12.3733;12.3525
20250106;0630;12.29;12.34;12.12;12.15;9.43626e+06;12.23;12.2033;12.19
20250107;0630;12.16;12.3;11.7;11.7;1.33337e+07;12;11.9;11.85
20250108;0630;11.7;11.79;11.49;11.5;1.15441e+07;11.64;11.5933;11.57
20250109;0630;11.6;11.77;11.52;11.61;7.65056e+06;11.645;11.6333;11.6275
20250110;0630;11.66;12.24;11.64;11.7;2.19543e+07;11.94;11.86;11.82
20250113;0630;11.7;11.74;11.06;11.11;2.51179e+07;11.4;11.3033;11.255
20250114;0630;11.13;11.4;11;11.13;2.2678e+07;11.2;11.1767;11.165
20250115;0630;11.14;11.25;10.88;11.16;1.57883e+07;11.065;11.0967;11.1125
20250116;0630;11.22;11.33;10.9;11.02;1.67115e+07;11.115;11.0833;11.0675
20250117;0630;11.06;11.16;10.92;11.07;1.3152e+07;11.04;11.05;11.055
20250120;0630;11.17;11.31;11.04;11.09;1.18396e+07;11.175;11.1467;11.1325
20250121;0630;11.08;11.08;10.73;10.77;1.94029e+07;10.905;10.86;10.8375
20250122;0630;10.77;10.83;10.39;10.5;2.1167e+07;10.61;10.5733;10.555
20250123;0630;10.51;10.81;10.51;10.65;1.46535e+07;10.66;10.6567;10.655
20250124;0630;10.65;11.11;10.63;11;1.93459e+07;10.87;10.9133;10.935
20250127;0630;11.02;11.18;10.79;10.97;1.34523e+07;10.985;10.98;10.9775
20250128;0630;10.97;11.07;10.9;11;1.25562e+07;10.985;10.99;10.9925
20250129;0630;11.04;11.3;10.96;11.15;2.03596e+07;11.13;11.1367;11.14
20250130;0630;11.23;11.37;11.17;11.32;1.56088e+07;11.27;11.2867;11.295
20250131;0630;11.32;11.74;11.32;11.54;3.0282e+07;11.53;11.5333;11.535
20250203;0630;11.54;11.77;11.24;11.56;2.12953e+07;11.505;11.5233;11.5325
20250204;0630;11.62;11.75;11.52;11.68;1.27016e+07;11.635;11.65;11.6575
20250205;0630;11.63;11.68;11.38;11.56;1.61244e+07;11.53;11.54;11.545
20250206;0630;11.6;11.98;11.6;11.93;1.83526e+07;11.79;11.8367;11.86
20250207;0630;12;12.1;11.77;12;1.23496e+07;11.935;11.9567;11.9675
20250210;0630;12.01;12.11;11.79;11.85;1.18351e+07;11.95;11.9167;11.9
20250211;0630;11.84;11.96;11.63;11.82;1.56976e+07;11.795;11.8033;11.8075
20250212;0630;11.85;11.91;11.31;11.4;1.78499e+07;11.61;11.54;11.505
20250213;0630;11.43;11.53;11.31;11.31;1.19208e+07;11.42;11.3833;11.365
20250214;0630;11.31;11.53;11.31;11.38;1.1489e+07;11.42;11.4067;11.4
20250217;0630;11.38;11.56;11.38;11.55;1.02089e+07;11.47;11.4967;11.51
20250218;0630;11.3;12.01;11.17;11.95;4.52354e+07;11.59;11.71;11.77
20250219;0630;11.95;12.78;11.89;12.58;6.82501e+07;12.335;12.4167;12.4575
20250220;0630;12.65;13.27;12.47;13.1;6.74313e+07;12.87;12.9467;12.985
20250221;0630;13.1;13.25;12.89;13.04;4.25316e+07;13.07;13.06;13.055
20250224;0630;13.09;13.47;12.76;13.08;3.43033e+07;13.115;13.1033;13.0975
20250225;0630;13.08;13.25;12.78;12.84;2.41518e+07;13.015;12.9567;12.9275
20250226;0630;12.88;13.02;12.58;12.9;1.98904e+07;12.8;12.8333;12.85
20250227;0630;12.9;13.31;12.86;13.02;2.82165e+07;13.085;13.0633;13.0525
20250228;0630;13.03;13.27;12.79;12.98;3.32795e+07;13.03;13.0133;13.005
20250303;0630;13.05;13.12;12.7;12.72;2.73303e+07;12.91;12.8467;12.815
20250304;0630;12.72;12.96;12.57;12.59;1.99051e+07;12.765;12.7067;12.6775
20250305;0630;12.7;12.99;12.61;12.89;2.0481e+07;12.8;12.83;12.845
20250306;0630;13.02;13.32;12.9;13.22;4.13532e+07;13.11;13.1467;13.165
20250307;0630;13.22;13.65;13.17;13.35;4.59479e+07;13.41;13.39;13.38
20250310;0630;13.35;13.63;13.18;13.3;3.30021e+07;13.405;13.37;13.3525
20250311;0630;12.6;13.34;12.6;12.83;3.31283e+07;12.97;12.9233;12.9
20250312;0630;12.88;13.05;12.78;12.9;1.5422e+07;12.915;12.91;12.9075
20250313;0630;12.92;13.15;12.92;13;2.48378e+07;13.035;13.0233;13.0175
20250314;0630;13.1;13.21;12.93;12.95;2.39414e+07;13.07;13.03;13.01
20250317;0630;12.96;13.05;12.7;12.71;1.95392e+07;12.875;12.82;12.7925
20250318;0630;12.72;12.79;12.28;12.45;2.47766e+07;12.535;12.5067;12.4925
20250319;0630;11.49;12.02;11.21;11.28;2.6037e+07;11.615;11.5033;11.4475
20250320;0630;11.25;11.62;11.05;11.25;2.0143e+07;11.335;11.3067;11.2925
20250321;0630;11.25;11.25;10.3;10.58;1.85154e+07;10.775;10.71;10.6775
20250324;0630;10.58;11.13;10.38;11.07;2.36576e+07;10.755;10.86;10.9125
20250325;0630;11.07;11.52;11.07;11.41;2.24618e+07;11.295;11.3333;11.3525
20250326;0630;11.35;11.35;11;11.11;1.22995e+07;11.175;11.1533;11.1425
20250327;0630;11.12;11.3;10.96;10.97;1.16156e+07;11.13;11.0767;11.05
20250328;0630;10.97;11.21;10.85;11.17;1.06559e+07;11.03;11.0767;11.1
20250402;0630;11.17;11.19;10.85;10.87;1.74498e+07;11.02;10.97;10.945
20250403;0630;10.87;11.31;10.85;11.06;1.96629e+07;11.08;11.0733;11.07
20250404;0630;11.11;11.22;10.86;10.9;1.24655e+07;11.04;10.9933;10.97
20250407;0630;10.8;10.92;10.32;10.78;1.86542e+07;10.62;10.6733;10.7
20250408;0630;10.9;11.11;10.9;11;1.26782e+07;11.005;11.0033;11.0025
20250409;0630;10.85;11;10.7;10.75;1.4813e+07;10.85;10.8167;10.8
20250410;0630;11.04;11.08;10.83;10.83;1.37494e+07;10.955;10.9133;10.8925
20250411;0630;10.83;10.96;10.79;10.87;1.21805e+07;10.875;10.8733;10.8725
20250414;0630;10.89;11.21;10.89;10.92;1.66744e+07;11.05;11.0067;10.985
20250415;0630;10.98;11;10.75;10.78;1.26188e+07;10.875;10.8433;10.8275
20250416;0630;10.77;10.89;10.47;10.49;1.05323e+07;10.68;10.6167;10.585
20250417;0630;10.49;10.73;10.39;10.68;1.15596e+07;10.56;10.6;10.62
20250418;0630;10.68;10.73;10.44;10.5;8.90951e+06;10.585;10.5567;10.5425
20250421;0630;10.5;10.64;10.39;10.42;1.18125e+07;10.515;10.4833;10.4675
20250422;0630;10.47;10.49;10;10.05;1.7406e+07;10.245;10.18;10.1475
20250424;0630;10.05;10.17;9.94;10.13;1.3408e+07;10.055;10.08;10.0925
20250425;0630;10.14;10.25;9.99;10.04;1.14461e+07;10.12;10.0933;10.08
20250428;0630;10.04;10.1;9.85;9.88;1.02493e+07;9.975;9.94333;9.9275
20250429;0630;9.85;10.01;9.81;9.81;8.97543e+06;9.91;9.87667;9.86
20250430;0630;9.8;9.85;9.53;9.56;1.21288e+07;9.69;9.64667;9.625
20250502;0630;9.61;9.9;9.61;9.87;1.21927e+07;9.755;9.79333;9.8125
20250505;0630;9.88;9.97;9.73;9.75;9.55231e+06;9.85;9.81667;9.8
20250506;0630;9.73;9.99;9.72;9.79;1.14852e+07;9.855;9.83333;9.8225
20250507;0630;9.76;9.79;9.43;9.55;1.34083e+07;9.61;9.59;9.58
20250508;0630;9.52;9.54;9.31;9.38;1.12545e+07;9.425;9.41;9.4025
20250509;0630;9.38;9.54;9.3;9.5;1.43161e+07;9.42;9.44667;9.46
20250512;0630;9.76;10.32;9.68;10.27;3.26143e+07;10;10.09;10.135
20250513;0630;10.31;10.45;10.06;10.41;3.03719e+07;10.255;10.3067;10.3325
20250514;0630;10.41;10.67;10.17;10.3;2.53528e+07;10.42;10.38;10.36
20250515;0630;10.31;10.38;10.02;10.13;1.37013e+07;10.2;10.1767;10.165
20250516;0630;10.14;10.24;10.03;10.22;1.26049e+07;10.135;10.1633;10.1775
20250520;0630;10.31;10.37;10.16;10.23;1.72466e+07;10.265;10.2533;10.2475
20250521;0630;9.89;9.97;9.67;9.87;1.6393e+07;9.82;9.83667;9.845
20250522;0630;9.9;9.95;9.75;9.83;1.13011e+07;9.85;9.84333;9.84
20250523;0630;9.82;9.92;9.7;9.7;1.0105e+07;9.81;9.77333;9.755
20250526;0630;9.72;9.79;9.44;9.45;8.87626e+06;9.615;9.56;9.5325
20250527;0630;9.45;9.46;9.25;9.26;7.28199e+06;9.355;9.32333;9.3075
20250528;0630;9.23;9.29;9.12;9.12;5.58471e+06;9.205;9.17667;9.1625
20250529;0630;9.29;9.29;9.01;9.08;8.82345e+06;9.15;9.12667;9.115
20250530;0630;9.08;9.17;8.99;9.08;6.10743e+06;9.08;9.08;9.08
20250602;0630;9.05;9.46;8.96;9.04;1.38513e+07;9.21;9.15333;9.125
20250603;0630;9.08;9.45;9.08;9.23;1.2495e+07;9.265;9.25333;9.2475
20250604;0630;9.23;9.44;9.2;9.4;8.02645e+06;9.32;9.34667;9.36
20250605;0630;9.48;9.58;9.39;9.48;4.79174e+06;9.485;9.48333;9.4825
20250610;0630;9.54;9.67;9.53;9.57;7.28522e+06;9.6;9.59;9.585
20250611;0630;9.57;9.76;9.48;9.65;1.08013e+07;9.62;9.63;9.635
20250612;0630;9.61;9.61;9.23;9.29;8.70067e+06;9.42;9.37667;9.355
20250613;0630;9;9.12;8.83;9.05;1.02026e+07;8.975;9;9.0125
20250616;0630;9.01;9.27;8.91;9.2;8.20903e+06;9.09;9.12667;9.145
20250617;0630;9.17;9.32;9.02;9.05;9.11326e+06;9.17;9.13;9.11
20250618;0630;9;9.02;8.77;8.83;1.03601e+07;8.895;8.87333;8.8625
20250619;0630;8.86;8.93;8.62;8.62;8.4379e+06;8.775;8.72333;8.6975
20250620;0630;8.69;8.9;8.64;8.9;8.843e+06;8.77;8.81333;8.835
20250623;0630;8.79;8.79;8.57;8.65;8.50754e+06;8.68;8.67;8.665
20250624;0630;8.99;9.04;8.87;8.97;1.27237e+07;8.955;8.96;8.9625
20250625;0630;8.97;9.16;8.94;8.95;1.11563e+07;9.05;9.01667;9
20250626;0630;8.95;9.03;8.89;8.89;5.47242e+06;8.96;8.93667;8.925
20250627;0630;8.89;8.94;8.73;8.88;9.76769e+06;8.835;8.85;8.8575
20250630;0630;8.88;9.27;8.85;9.18;1.55051e+07;9.06;9.1;9.12
20250701;0630;9.18;9.4;9.12;9.3;1.18989e+07;9.26;9.27333;9.28
20250702;0630;9.3;9.69;9.29;9.37;1.7744e+07;9.49;9.45;9.43
20250703;0630;9.45;9.57;9.39;9.43;1.23206e+07;9.48;9.46333;9.455
20250704;0630;9.44;9.61;9.35;9.46;1.49444e+07;9.48;9.47333;9.47
20250707;0630;9.37;9.43;9.26;9.37;1.08098e+07;9.345;9.35333;9.3575
20250708;0630;9.41;9.45;9.05;9.12;1.34923e+07;9.25;9.20667;9.185
20250709;0630;9.09;9.28;9.08;9.2;9.24472e+06;9.18;9.18667;9.19
20250710;0630;9.25;9.4;9.25;9.37;8.04444e+06;9.325;9.34;9.3475
20250711;0630;9.38;9.5;9.25;9.35;1.24842e+07;9.375;9.36667;9.3625
20250714;0630;9.35;9.43;9.2;9.21;1.03068e+07;9.315;9.28;9.2625
20250716;0630;9.21;9.34;9.03;9.15;1.03396e+07;9.185;9.17333;9.1675
20250717;0630;9.15;9.34;9.15;9.33;8.01953e+06;9.245;9.27333;9.2875
20250718;0630;9.33;9.63;9.3;9.48;2.92627e+07;9.465;9.47;9.4725
20250721;0630;9.52;9.61;9.47;9.54;1.99454e+07;9.54;9.54;9.54
20250722;0630;9.56;9.61;9.41;9.44;1.86269e+07;9.51;9.48667;9.475
20250723;0630;9.44;9.54;9.33;9.43;1.38044e+07;9.435;9.43333;9.4325
20250724;0630;9.45;9.71;9.41;9.65;2.38782e+07;9.56;9.59;9.605
20250725;0630;9.73;9.75;9.53;9.64;1.36988e+07;9.64;9.64;9.64
20250728;0630;9.68;9.75;9.5;9.52;1.17636e+07;9.625;9.59;9.5725
20250729;0630;9.52;9.57;9.39;9.4;1.06914e+07;9.48;9.45333;9.44
20250730;0630;9.4;9.6;9.37;9.48;1.50278e+07;9.485;9.48333;9.4825
20250731;0630;9.52;9.68;9.46;9.51;1.68984e+07;9.57;9.55;9.54
20250801;0630;9.52;10.19;9.52;10.12;4.79978e+07;9.855;9.94333;9.9875
20250804;0630;10.21;10.4;10.04;10.09;2.44285e+07;10.22;10.1767;10.155
20250805;0630;10.17;10.29;9.94;10.05;1.85928e+07;10.115;10.0933;10.0825
20250806;0630;10.05;10.2;9.88;10.19;1.90915e+07;10.04;10.09;10.115
20250807;0630;10.19;10.32;10.1;10.13;1.9491e+07;10.21;10.1833;10.17
20250808;0630;10.13;10.17;9.99;10.05;1.22244e+07;10.08;10.07;10.065
20250811;0630;10.05;10.24;10.04;10.19;1.4082e+07;10.14;10.1567;10.165
20250812;0630;10.2;10.23;10.01;10.07;1.40074e+07;10.12;10.1033;10.095
20250813;0630;10.1;10.13;9.97;10;1.5338e+07;10.05;10.0333;10.025
20250814;0630;10.05;10.05;9.85;9.89;1.20431e+07;9.95;9.93;9.92
20250815;0630;9.91;9.98;9.85;9.91;1.1941e+07;9.915;9.91333;9.9125
20250818;0630;9.93;10.17;9.91;10.12;1.98347e+07;10.04;10.0667;10.08
20250819;0630;10;10.04;9.67;9.93;2.5634e+07;9.855;9.88;9.8925
20250820;0630;9.97;10.35;9.81;10.31;3.26668e+07;10.08;10.1567;10.195
20250821;0630;10.38;10.42;10.17;10.27;2.73408e+07;10.295;10.2867;10.2825
20250822;0630;10.32;10.63;10.27;10.55;3.20753e+07;10.45;10.4833;10.5
20250825;0630;10.67;11.11;10.55;10.98;3.45043e+07;10.83;10.88;10.905
20250826;0630;11.03;11.2;10.83;10.83;2.98862e+07;11.015;10.9533;10.9225
20250827;0630;10.83;11.1;10.79;10.81;1.57443e+07;10.945;10.9;10.8775
20250828;0630;10.82;10.98;10.8;10.82;9.05198e+06;10.89;10.8667;10.855
20250829;0630;10.82;10.85;10.54;10.58;1.16578e+07;10.695;10.6567;10.6375
20250901;0630;10.58;10.63;10.41;10.43;7.64022e+06;10.52;10.49;10.475
20250902;0630;10.46;10.54;9.84;10.11;2.03998e+07;10.19;10.1633;10.15
20250903;0630;10.11;10.13;9.81;9.97;1.54758e+07;9.97;9.97;9.97
20250904;0630;10.01;10.49;9.99;10.49;3.83698e+07;10.24;10.3233;10.365
20250905;0630;10.55;11;10.5;10.81;4.0039e+07;10.75;10.77;10.78
20250908;0630;10.63;10.93;10.3;10.45;2.63908e+07;10.615;10.56;10.5325
20250909;0630;10.45;10.71;10.2;10.4;1.55922e+07;10.455;10.4367;10.4275
20250910;0630;10.49;10.61;10.29;10.33;1.05175e+07;10.45;10.41;10.39
20250911;0630;10.32;10.5;10.15;10.15;1.34363e+07;10.325;10.2667;10.2375
20250912;0630;10.15;10.35;10.01;10.22;1.11392e+07;10.18;10.1933;10.2
20250915;0630;10.17;10.98;10.04;10.69;1.6563e+07;10.51;10.57;10.6
20250916;0630;10.74;10.86;10.63;10.78;1.31041e+07;10.745;10.7567;10.7625
20250917;0630;10.77;11.26;10.69;10.9;6.04286e+07;10.975;10.95;10.9375
20250918;0630;11;11.11;10.65;10.72;2.24837e+07;10.88;10.8267;10.8
20250919;0630;10.73;10.9;10.6;10.79;1.5108e+07;10.75;10.7633;10.77
20250922;0630;11.12;11.39;10.93;11.33;3.19835e+07;11.16;11.2167;11.245
20250923;0630;11.3;11.54;11.15;11.36;2.56455e+07;11.345;11.35;11.3525
20250924;0630;11.36;11.81;11.27;11.66;2.95779e+07;11.54;11.58;11.6
20250925;0630;11.75;11.84;11.49;11.65;1.62645e+07;11.665;11.66;11.6575
20250926;0630;11.63;11.63;11.25;11.25;1.26989e+07;11.44;11.3767;11.345
20250929;0630;11.25;11.44;11.05;11.1;1.08095e+07;11.245;11.1967;11.1725
20250930;0630;11.14;11.23;11;11.07;1.28228e+07;11.115;11.1;11.0925
20251001;0630;11.09;11.5;10.96;11.5;2.14989e+07;11.23;11.32;11.365
20251002;0630;11.55;12.22;11.37;12.01;3.14966e+07;11.795;11.8667;11.9025
20251003;0630;12.01;12.17;11.81;11.86;1.81253e+07;11.99;11.9467;11.925
20251006;0630;11.97;12.14;11.76;11.76;1.01908e+07;11.95;11.8867;11.855
20251007;0630;11.77;12.47;11.77;12.17;2.22838e+07;12.12;12.1367;12.145
20251008;0630;12.17;12.28;11.97;11.97;1.72134e+07;12.125;12.0733;12.0475
20251009;0630;12.05;12.34;11.93;12.1;1.54543e+07;12.135;12.1233;12.1175
20251010;0630;12.12;12.4;12.11;12.28;1.40976e+07;12.255;12.2633;12.2675
20251013;0630;12.06;12.2;11.84;11.88;1.68999e+07;12.02;11.9733;11.95
20251014;0630;11.91;12.04;11.32;11.32;1.60305e+07;11.68;11.56;11.5
20251015;0630;11.34;12.3;11.34;12.01;2.43989e+07;11.82;11.8833;11.915
20251016;0630;12.01;12.35;11.77;11.82;1.36977e+07;12.06;11.98;11.94
20251017;0630;11.82;12.36;11.51;12.16;2.3304e+07;11.935;12.01;12.0475
20251020;0630;12.2;12.3;11.94;12.16;2.35175e+07;12.12;12.1333;12.14
20251021;0630;12.16;12.33;12.06;12.09;1.57886e+07;12.195;12.16;12.1425
20251022;0630;12.12;12.55;12.05;12.27;2.55536e+07;12.3;12.29;12.285
20251023;0630;12.29;12.35;12.19;12.21;8.80743e+06;12.27;12.25;12.24
20251024;0630;12.26;12.54;12.23;12.31;1.92478e+07;12.385;12.36;12.3475
20251027;0630;12.32;12.45;12.06;12.09;1.1032e+07;12.255;12.2;12.1725
20251028;0630;12.12;12.14;11.96;11.96;4.24849e+06;12.05;12.02;12.005
20251030;0630;11.98;12.45;11.98;12.36;1.60105e+07;12.215;12.2633;12.2875
20251031;0630;12.36;12.63;12.21;12.4;2.28349e+07;12.42;12.4133;12.41
20251103;0630;12.41;12.65;12.19;12.22;2.70702e+07;12.42;12.3533;12.32
20251104;0630;12.22;12.32;11.69;11.74;2.37374e+07;12.005;11.9167;11.8725
20251105;0630;11.75;12.08;11.58;12.06;2.23295e+07;11.83;11.9067;11.945
20251106;0630;11.75;11.75;11.28;11.31;3.84813e+07;11.515;11.4467;11.4125
20251107;0630;11.58;11.59;11.06;11.08;1.63722e+07;11.325;11.2433;11.2025
20251110;0630;11.1;11.22;10.93;11.04;1.55603e+07;11.075;11.0633;11.0575
20251111;0630;11.04;11.1;10.53;10.7;1.58742e+07;10.815;10.7767;10.7575
20251112;0630;10.73;10.91;10.71;10.81;9.1958e+06;10.81;10.81;10.81
20251113;0630;10.84;11.08;10.8;10.96;9.20156e+06;10.94;10.9467;10.95
20251114;0630;10.96;11;10.63;10.7;8.2202e+06;10.815;10.7767;10.7575
20251117;0630;10.76;11;10.75;10.84;1.02591e+07;10.875;10.8633;10.8575
20251118;0630;10.76;10.88;10.67;10.7;9.87788e+06;10.775;10.75;10.7375
20251119;0630;10.78;10.79;10.36;10.37;2.22963e+07;10.575;10.5067;10.4725
20251120;0630;10.43;10.48;10.32;10.34;1.10483e+07;10.4;10.38;10.37
20251121;0630;10.34;10.43;10.2;10.35;1.27213e+07;10.315;10.3267;10.3325
20251124;0630;10.35;10.44;10.35;10.36;8.66971e+06;10.395;10.3833;10.3775
20251125;0630;10.44;10.5;10.32;10.32;9.60255e+06;10.41;10.38;10.365
20251126;0630;10.33;10.37;10.13;10.17;8.41754e+06;10.25;10.2233;10.21
20251127;0630;10.17;10.25;10.1;10.11;9.20073e+06;10.175;10.1533;10.1425
20251128;0630;10.15;10.23;10.01;10.16;8.60804e+06;10.12;10.1333;10.14
20251201;0630;10.22;10.48;10.2;10.48;1.27096e+07;10.34;10.3867;10.41
20251202;0630;10.5;10.55;10.34;10.39;7.75581e+06;10.445;10.4267;10.4175
20251203;0630;10.43;10.53;10.3;10.4;1.07513e+07;10.415;10.41;10.4075
20251204;0630;10.44;10.73;10.27;10.66;1.97784e+07;10.5;10.5533;10.58
20251205;0630;10.55;10.55;10.22;10.25;2.62134e+07;10.385;10.34;10.3175
20251208;0630;10.27;10.37;10.18;10.2;1.60174e+07;10.275;10.25;10.2375
20251209;0630;10.21;10.27;10.1;10.14;1.0251e+07;10.185;10.17;10.1625
20251210;0630;10.16;10.2;10.05;10.05;9.11417e+06;10.125;10.1;10.0875
20251211;0630;10.08;10.15;10.02;10.07;1.13083e+07;10.085;10.08;10.0775
20251212;0630;10.11;10.24;10.05;10.08;1.65164e+07;10.145;10.1233;10.1125
20251215;0630;10.12;10.21;10.12;10.19;1.49457e+07;10.165;10.1733;10.1775
20251216;0630;10.22;10.24;10.08;10.12;9.44906e+06;10.16;10.1467;10.14
20251217;0630;10.17;10.29;10.08;10.26;1.57776e+07;10.185;10.21;10.2225
20251218;0630;10.36;10.37;10.13;10.16;1.40212e+07;10.25;10.22;10.205
20251219;0630;10.16;10.18;10.05;10.1;9.95551e+06;10.115;10.11;10.1075
20251222;0630;10.1;10.16;9.91;9.93;1.09245e+07;10.035;10;9.9825
20251223;0630;9.93;9.95;9.76;9.87;1.58106e+07;9.855;9.86;9.8625
20251224;0630;9.87;9.92;9.73;9.84;1.79488e+07;9.825;9.83;9.8325
20251225;0630;9.88;10.1;9.88;9.97;1.08842e+07;9.99;9.98333;9.98
20251226;0630;10;10.02;9.79;9.83;1.17681e+07;9.905;9.88;9.8675
20251229;0630;9.85;9.87;9.71;9.71;7.75043e+06;9.79;9.76333;9.75
20251230;0630;9.72;9.96;9.69;9.93;1.03453e+07;9.825;9.86;9.8775
20251231;0630;9.98;10.17;9.82;9.82;1.92871e+07;9.995;9.93667;9.9075
20260102;0630;9.9;10.12;9.85;10.11;1.60889e+07;9.985;10.0267;10.0475
20260105;0630;10.11;10.15;10.03;10.13;1.13646e+07;10.09;10.1033;10.11
20260106;0630;10.15;10.31;10.08;10.21;1.95387e+07;10.195;10.2;10.2025
20260107;0630;10.25;10.27;9.96;9.98;2.22905e+07;10.115;10.07;10.0475
20260108;0630;9.98;10.04;9.82;10;1.2411e+07;9.93;9.95333;9.965
20260109;0630;10.01;10.05;9.89;9.91;2.11495e+07;9.97;9.95;9.94
20260112;0630;9.93;10.06;9.88;10.04;2.84114e+07;9.97;9.99333;10.005
20260113;0630;10.04;10.12;9.98;10.03;1.69299e+07;10.05;10.0433;10.04
20260114;0630;10.05;10.16;9.94;9.95;2.22768e+07;10.05;10.0167;10
20260115;0630;9.96;10.16;9.93;10.16;2.26514e+07;10.045;10.0833;10.1025
20260116;0630;10.2;10.22;10.09;10.19;1.55251e+07;10.155;10.1667;10.1725
20260119;0630;10.25;10.4;10.18;10.23;3.0337e+07;10.29;10.27;10.26
20260120;0630;10.24;10.26;9.99;10;2.39472e+07;10.125;10.0833;10.0625
20260121;0630;10.01;10.05;9.91;9.95;1.96934e+07;9.98;9.97;9.965
20260122;0630;10.01;10.19;9.97;10.18;2.29499e+07;10.08;10.1133;10.13
20260123;0630;10.23;10.3;10.15;10.2;2.42588e+07;10.225;10.2167;10.2125
20260126;0630;10.2;10.78;10.14;10.78;5.54176e+07;10.46;10.5667;10.62
20260127;0630;10.79;10.8;10.47;10.52;2.95005e+07;10.635;10.5967;10.5775
20260128;0630;10.52;10.64;10.49;10.56;2.32183e+07;10.565;10.5633;10.5625
20260129;0630;10.59;10.89;10.59;10.72;3.69645e+07;10.74;10.7333;10.73
20260130;0630;10.72;11.08;10.51;11.08;3.55048e+07;10.795;10.89;10.9375
20260202;0630;11.06;11.5;10.77;10.89;4.17186e+07;11.135;11.0533;11.0125
20260203;0630;10.9;11.15;10.89;11.03;2.41045e+07;11.02;11.0233;11.025
20260204;0630;11.07;11.14;10.86;10.87;1.70008e+07;11;10.9567;10.935
20260205;0630;10.87;11.05;10.77;10.85;1.88312e+07;10.91;10.89;10.88
20260206;0630;10.85;10.87;10.51;10.6;1.6691e+07;10.69;10.66;10.645
20260209;0630;10.66;10.91;10.66;10.88;1.97515e+07;10.785;10.8167;10.8325
20260210;0630;10.95;10.99;10.74;10.82;1.59073e+07;10.865;10.85;10.8425
20260211;0630;10.78;10.88;10.7;10.8;1.44981e+07;10.79;10.7933;10.795
20260212;0630;10.8;11.15;10.79;11.15;2.2678e+07;10.97;11.03;11.06
20260213;0630;11.15;11.19;11.01;11.18;1.73065e+07;11.1;11.1267;11.14
20260216;0630;11.34;11.42;11.21;11.31;2.31288e+07;11.315;11.3133;11.3125
20260217;0630;11.33;11.34;11.14;11.18;1.57898e+07;11.24;11.22;11.21
20260218;0630;11.23;11.27;10.95;10.95;2.21032e+07;11.11;11.0567;11.03
20260219;0630;11.03;11.16;10.66;10.69;2.08855e+07;10.91;10.8367;10.8
20260220;0630;11.12;11.57;10.97;11.26;7.83616e+07;11.27;11.2667;11.265
20260223;0630;11.29;11.48;10.86;10.86;5.32993e+07;11.17;11.0667;11.015
20260224;0630;10.9;11;10.67;10.68;2.47656e+07;10.835;10.7833;10.7575
20260225;0630;10.7;10.75;10.35;10.43;2.14636e+07;10.55;10.51;10.49
20260226;0630;10.44;10.49;10.29;10.35;1.84749e+07;10.39;10.3767;10.37
20260227;0630;10.4;10.48;10.07;10.18;2.00463e+07;10.275;10.2433;10.2275
20260302;0630;9.26;9.98;9.26;9.84;2.5226e+07;9.62;9.69333;9.73
20260303;0630;9.84;10.09;9.79;9.87;2.04272e+07;9.94;9.91667;9.905
20260304;0630;9.89;9.97;9.7;9.78;1.8479e+07;9.835;9.81667;9.8075
20260305;0630;9.84;10.11;9.84;9.92;1.50871e+07;9.975;9.95667;9.9475
20260306;0630;9.98;10.19;9.91;10.06;1.81648e+07;10.05;10.0533;10.055
20260309;0630;10.06;10.27;9.8;9.96;2.27459e+07;10.035;10.01;9.9975
20260310;0630;10.16;10.35;10.09;10.17;2.66224e+07;10.22;10.2033;10.195
20260311;0630;10.17;10.36;10.08;10.29;1.65478e+07;10.22;10.2433;10.255
20260312;0630;10.26;10.94;10.19;10.83;3.756e+07;10.565;10.6533;10.6975
20260313;0630;10.83;11.04;10.63;10.82;3.35246e+07;10.835;10.83;10.8275
20260316;0630;10.85;10.99;10.65;10.93;2.37203e+07;10.82;10.8567;10.875
20260317;0630;10.94;11.36;10.94;11.12;2.84428e+07;11.15;11.14;11.135
20260318;0630;11.2;11.29;11.03;11.11;1.97149e+07;11.16;11.1433;11.135
20260319;0630;11.1;11.17;11;11.1;4.61891e+06;11.085;11.09;11.0925
20260323;0630;11.11;11.23;10.62;11.01;2.56038e+07;10.925;10.9533;10.9675
20260324;0630;11.01;11.23;10.89;10.97;2.14497e+07;11.06;11.03;11.015
20260325;0630;11.01;11.19;10.81;10.81;1.39118e+07;11;10.9367;10.905
20260326;0630;10.81;11.44;10.76;11.25;4.3437e+07;11.1;11.15;11.175
20260327;0630;11.35;11.55;10.75;10.79;4.07236e+07;11.15;11.03;10.97
20260330;0630;10.83;10.93;10.4;10.57;1.70054e+07;10.665;10.6333;10.6175
20260331;0630;10.61;10.98;10.56;10.83;1.821e+07;10.77;10.79;10.8
20260401;0630;10.97;11.19;10.83;11.09;2.58644e+07;11.01;11.0367;11.05
20260402;0630;11.09;11.39;10.93;11.33;4.60007e+07;11.16;11.2167;11.245
20260403;0630;11.1;11.1;10.52;10.56;2.48951e+07;10.81;10.7267;10.685
20260406;0630;10.6;10.72;10.35;10.38;1.97689e+07;10.535;10.4833;10.4575
20260407;0630;10.42;10.5;10.08;10.14;2.1256e+07;10.29;10.24;10.215
20260408;0630;10.5;10.52;10.27;10.28;2.48583e+07;10.395;10.3567;10.3375
20260409;0630;10.28;10.37;10.14;10.16;1.64983e+07;10.255;10.2233;10.2075
20260410;0630;10.26;10.35;10.21;10.3;2.48144e+07;10.28;10.2867;10.29
20260413;0630;10.26;10.31;10.14;10.29;2.70082e+07;10.225;10.2467;10.2575
20260414;0630;10.3;10.41;10.26;10.32;2.48408e+07;10.335;10.33;10.3275
20260415;0630;10.36;10.64;10.34;10.63;3.67006e+07;10.49;10.5367;10.56
20260416;0630;10.68;10.95;10.66;10.7;3.65083e+07;10.805;10.77;10.7525
20260417;0630;10.74;10.95;10.71;10.95;2.21804e+07;10.83;10.87;10.89
20260420;0630;10.82;10.86;10.67;10.69;2.11037e+07;10.765;10.74;10.7275
20260421;0630;10.74;10.79;10.46;10.5;2.27319e+07;10.625;10.5833;10.5625
20260422;0630;10.58;10.67;10.29;10.39;3.01206e+07;10.48;10.45;10.435
20260424;0630;10.44;10.71;10.4;10.67;1.89505e+07;10.555;10.5933;10.6125
20260427;0630;10.68;11.06;10.68;10.91;3.17379e+07;10.87;10.8833;10.89
20260428;0630;10.65;10.69;10.12;10.29;6.60175e+07;10.405;10.3667;10.3475
20260429;0630;10.3;10.44;10.22;10.22;2.11597e+07;10.33;10.2933;10.275
20260430;0630;10.23;10.7;10.12;10.59;6.22061e+07;10.41;10.47;10.5
20260504;0630;10.61;10.67;10.27;10.27;2.60257e+07;10.47;10.4033;10.37
20260505;0630;10.3;10.59;10.27;10.55;3.26455e+07;10.43;10.47;10.49
20260506;0630;10.57;11.04;10.49;11;4.63862e+07;10.765;10.8433;10.8825
20260507;0630;11.08;11.29;10.91;11.09;3.01956e+07;11.1;11.0967;11.095
20260508;0630;11.27;11.45;10.85;11.2;6.10198e+07;11.15;11.1667;11.175
20260511;0630;11.31;11.44;11.1;11.18;4.56377e+07;11.27;11.24;11.225
20260512;0630;11.19;11.56;11.1;11.44;5.58537e+07;11.33;11.3667;11.385
20260513;0630;11.55;11.57;10.97;10.97;3.02907e+07;11.27;11.17;11.12
20260514;0630;11.04;11.23;10.99;11.01;2.10285e+07;11.11;11.0767;11.06
20260515;0630;10.99;11.17;10.81;11.07;2.3737e+07;10.99;11.0167;11.03
20260518;0630;11.08;11.11;10.62;10.62;2.38218e+07;10.865;10.7833;10.7425
20260520;0630;10.62;11.16;10.45;11;4.02661e+07;10.805;10.87;10.9025
20260521;0630;11;11.01;10.2;10.2;2.4853e+07;10.605;10.47;10.4025
20260522;0630;9.99;10.63;9.99;10.56;4.4588e+07;10.31;10.3933;10.435
20260525;0630;10.58;10.7;10.48;10.65;1.97863e+07;10.59;10.61;10.62
20260526;0630;10.69;10.7;10.42;10.42;8.31474e+06;10.56;10.5133;10.49
20260527;0630;10.42;10.42;10.42;10.42;0;10.42;10.42;10.42
20260528;0630;10.42;10.42;10.42;10.42;0;10.42;10.42;10.42
20260529;0630;10.42;10.42;10.42;10.42;0;10.42;10.42;10.42
20260601;0630;10.51;10.65;10.43;10.47;2.22213e+07;10.54;10.5167;10.505
20260602;0630;10.56;10.89;10.55;10.86;2.05274e+07;10.72;10.7667;10.79
20260603;0630;10.87;10.96;10.33;10.56;1.97912e+07;10.645;10.6167;10.6025
20260604;0630;10.57;10.95;10.41;10.75;1.82487e+07;10.68;10.7033;10.715
20260605;0630;10.85;11.15;10.63;10.65;2.96933e+07;10.89;10.81;10.77
20260608;0630;10.59;11.23;10.51;11.18;3.8768e+07;10.87;10.9733;11.025
20260609;0630;11.16;11.38;10.97;11.03;2.71556e+07;11.175;11.1267;11.1025
20260610;0630;11.03;11.08;10.76;10.78;1.61505e+07;10.92;10.8733;10.85
20260611;0630;10.78;10.96;10.51;10.85;1.65493e+07;10.735;10.7733;10.7925
20260612;0630;11;11.19;10.87;11.12;2.43983e+07;11.03;11.06;11.075
20260615;0630;11.29;12.12;11.29;12.02;5.89444e+07;11.705;11.81;11.8625
20260616;0630;12.08;12.6;12.01;12.54;6.24179e+07;12.305;12.3833;12.4225
20260617;0630;12.58;12.79;12.25;12.29;4.18439e+07;12.52;12.4433;12.405
20260618;0630;12.36;12.43;11.94;12.17;2.87574e+07;12.185;12.18;12.1775
20260619;0630;12;12.12;11.69;11.79;2.29479e+07;11.905;11.8667;11.8475
20260622;0630;11.83;12.33;11.83;12.33;3.14729e+07;12.08;12.1633;12.205
20260623;0630;12.22;12.28;11.78;11.86;2.72691e+07;12.03;11.9733;11.945
20260624;0630;11.88;11.97;11.49;11.61;1.92121e+07;11.73;11.69;11.67
20260625;0630;11.68;11.79;11.44;11.5;1.33273e+07;11.615;11.5767;11.5575
20260626;0630;11.51;11.75;11.39;11.63;1.99355e+07;11.57;11.59;11.6
20260629;0630;11.7;11.99;11.6;11.79;2.17663e+07;11.795;11.7933;11.7925
20260630;0630;11.89;12.19;11.69;12.1;3.23427e+07;11.94;11.9933;12.02
20260701;0630;12.15;12.16;11.91;11.91;2.3631e+07;12.035;11.9933;11.9725
20260702;0630;11.92;12.09;11.71;11.81;1.71511e+07;11.9;11.87;11.855
20260703;0630;11.88;12.48;11.8;12.15;4.07091e+07;12.14;12.1433;12.145
20260706;0630;12.15;12.51;11.77;11.84;2.44157e+07;12.14;12.04;11.99
20260707;0630;11.84;12.1;11.76;11.99;2.04633e+07;11.93;11.95;11.96
20260708;0630;11.99;11.99;11.4;11.4;2.26177e+07;11.695;11.5967;11.5475
20260709;0630;11.51;12.29;11.22;11.68;2.16693e+07;11.755;11.73;11.7175
20260710;0630;11.74;11.9;11.58;11.76;1.25164e+07;11.74;11.7467;11.75
20260713;0630;11.73;11.79;11.51;11.58;1.37571e+07;11.65;11.6267;11.615
20260714;0630;11.58;12;11.54;11.89;2.20902e+07;11.77;11.81;11.83
20260716;0630;12;12.18;11.95;12.13;1.91279e+07;12.065;12.0867;12.0975
20260717;0630;12.12;12.43;12.09;12.37;2.66613e+07;12.26;12.2967;12.315
20260720;0630;12.46;12.63;12.37;12.59;1.97614e+07;12.5;12.53;12.545
20260721;0630;12.65;12.65;12.01;12.01;2.13323e+07;12.33;12.2233;12.17
20260722;0630;12.01;12.17;11.81;11.97;2.21406e+07;11.99;11.9833;11.98
20260723;0630;11.98;12.15;11.94;12.01;1.66373e+07;12.045;12.0333;12.0275
20260724;0630;12.01;12.23;11.81;12.05;2.92465e+07;12.02;12.03;12.035
20260727;0630;12.21;12.64;12.21;12.44;3.10848e+07;12.425;12.43;12.4325
20260728;0630;12.41;12.48;12.35;12.47;4.21403e+06;12.415;12.4333;12.4425
